40
1100111011000101001101001111110110110001
0 10.16093898587981
0 1 16.99271933873846
0 2 3.95516952522712e-16
0 3 7.91033905045424e-16
0 4 -1.1081063195477692
0 5 -2.2162126390955383
0 6 -1.9837829123909916
0 7 -3.967565824781983
0 8 -1.043495457783155
0 9 -2.08699091556631
0 10 2.9911628169620137
0 11 5.982325633924027
0 12 -3.0876712651427667
0 13 -6.175342530285533
0 14 1.7088279853777055
0 15 3.417655970755411
0 16 2.168788158157282
0 17 4.337576316314564
0 18 -1.5441186465235828
0 19 -3.0882372930471655
0 20 -1.9506372382062838
0 21 -3.9012744764125675
0 22 1.9960444612472181
0 23 3.9920889224944363
0 24 -0.6735008039560925
0 25 -1.347001607912185
0 26 0.5320559544768408
0 27 1.0641119089536817
0 28 -2.3206434460556182
0 29 -4.6412868921112365
0 30 1.0380322267949382
0 31 2.0760644535898765
0 32 0.21750765703530872
0 33 0.43501531407061744
0 34 -0.310687156376406
0 35 -0.621374312752812
0 36 -1.9024258907300913
0 37 -3.8048517814601825
0 38 -1.395132974028476
0 39 -2.790265948056952
1 28.81823764112885
1 2 7.91033905045424e-16
1 3 1.582067810090848e-15
1 4 -2.2162126390955383
1 5 -4.432425278191077
1 6 -3.967565824781983
1 7 -7.935131649563966
1 8 -2.08699091556631
1 9 -4.17398183113262
1 10 5.982325633924027
1 11 11.964651267848055
1 12 -6.175342530285533
1 13 -12.350685060571067
1 14 3.417655970755411
1 15 6.835311941510822
1 16 4.337576316314564
1 17 8.675152632629128
1 18 -3.0882372930471655
1 19 -6.176474586094331
1 20 -3.9012744764125675
1 21 -7.802548952825135
1 22 3.9920889224944363
1 23 7.9841778449888725
1 24 -1.347001607912185
1 25 -2.69400321582437
1 26 1.0641119089536817
1 27 2.1282238179073634
1 28 -4.6412868921112365
1 29 -9.282573784222473
1 30 2.0760644535898765
1 31 4.152128907179753
1 32 0.43501531407061744
1 33 0.8700306281412349
1 34 -0.621374312752812
1 35 -1.242748625505624
1 36 -3.8048517814601825
1 37 -7.609703562920365
1 38 -2.790265948056952
1 39 -5.580531896113904
2 2.608984732110545
2 3 16.99271933873846
2 4 1.9837829123909916
2 5 3.967565824781983
2 6 -1.1081063195477694
2 7 -2.216212639095539
2 8 -2.9911628169620137
2 9 -5.982325633924027
2 10 -1.0434954577831554
2 11 -2.086990915566311
2 12 -1.7088279853777057
2 13 -3.4176559707554115
2 14 -3.0876712651427667
2 15 -6.175342530285533
2 16 1.5441186465235825
2 17 3.088237293047165
2 18 2.168788158157282
2 19 4.337576316314564
2 20 -1.9960444612472183
2 21 -3.9920889224944367
2 22 -1.9506372382062838
2 23 -3.9012744764125675
2 24 -0.5320559544768408
2 25 -1.0641119089536817
2 26 -0.6735008039560922
2 27 -1.3470016079121845
2 28 -1.038032226794938
2 29 -2.076064453589876
2 30 -2.3206434460556182
2 31 -4.6412868921112365
2 32 0.310687156376406
2 33 0.621374312752812
2 34 0.21750765703530872
2 35 0.43501531407061744
2 36 1.3951329740284757
2 37 2.7902659480569514
2 38 -1.902425890730091
2 39 -3.804851781460182
3 13.71432913359032
3 4 3.967565824781983
3 5 7.935131649563966
3 6 -2.216212639095539
3 7 -4.432425278191078
3 8 -5.982325633924027
3 9 -11.964651267848055
3 10 -2.086990915566311
3 11 -4.173981831132622
3 12 -3.4176559707554115
3 13 -6.835311941510823
3 14 -6.175342530285533
3 15 -12.350685060571067
3 16 3.088237293047165
3 17 6.17647458609433
3 18 4.337576316314564
3 19 8.675152632629128
3 20 -3.9920889224944367
3 21 -7.984177844988873
3 22 -3.9012744764125675
3 23 -7.802548952825135
3 24 -1.0641119089536817
3 25 -2.1282238179073634
3 26 -1.3470016079121845
3 27 -2.694003215824369
3 28 -2.076064453589876
3 29 -4.152128907179752
3 30 -4.6412868921112365
3 31 -9.282573784222473
3 32 0.621374312752812
3 33 1.242748625505624
3 34 0.43501531407061744
3 35 0.8700306281412349
3 36 2.7902659480569514
3 37 5.580531896113903
3 38 -3.804851781460182
3 39 -7.609703562920364
4 -26.411114841240106
4 5 26.490415321866678
4 6 0.0
4 7 0.0
4 8 -1.5006635460464997
4 9 -3.0013270920929993
4 10 -2.797124667573162
4 11 -5.594249335146324
4 12 -1.1405882019048845
4 13 -2.281176403809769
4 14 -0.852830681574248
4 15 -1.705661363148496
4 16 -1.17106299097922
4 17 -2.34212598195844
4 18 0.028088361348869384
4 19 0.05617672269773877
4 20 1.0114568431834439
4 21 2.0229136863668877
4 22 -2.79787352303458
4 23 -5.59574704606916
4 24 -1.2641264449743546
4 25 -2.528252889948709
4 26 0.343697195332165
4 27 0.68739439066433
4 28 1.515303055548296
4 29 3.030606111096592
4 30 -0.4102194902902289
4 31 -0.8204389805804578
4 32 -0.2707427252779979
4 33 -0.5414854505559958
4 34 -3.8605583574645417
4 35 -7.721116714929083
4 36 -0.11572888770093381
4 37 -0.23145777540186763
4 38 2.1722835958093416
4 39 4.344567191618683
5 -39.57702202154688
5 6 0.0
5 7 0.0
5 8 -3.0013270920929993
5 9 -6.002654184185999
5 10 -5.594249335146324
5 11 -11.188498670292647
5 12 -2.281176403809769
5 13 -4.562352807619538
5 14 -1.705661363148496
5 15 -3.411322726296992
5 16 -2.34212598195844
5 17 -4.68425196391688
5 18 0.05617672269773877
5 19 0.11235344539547754
5 20 2.0229136863668877
5 21 4.0458273727337755
5 22 -5.59574704606916
5 23 -11.19149409213832
5 24 -2.528252889948709
5 25 -5.056505779897418
5 26 0.68739439066433
5 27 1.37478878132866
5 28 3.030606111096592
5 29 6.061212222193184
5 30 -0.8204389805804578
5 31 -1.6408779611609157
5 32 -0.5414854505559958
5 33 -1.0829709011119917
5 34 -7.721116714929083
5 35 -15.442233429858167
5 36 -0.23145777540186763
5 37 -0.46291555080373525
5 38 4.344567191618683
5 39 8.689134383237366
6 -6.222785552180321
6 7 26.490415321866674
6 8 2.797124667573162
6 9 5.594249335146324
6 10 -1.5006635460464994
6 11 -3.001327092092999
6 12 0.8528306815742476
6 13 1.7056613631484951
6 14 -1.1405882019048847
6 15 -2.2811764038097695
6 16 -0.028088361348869162
6 17 -0.056176722697738324
6 18 -1.1710629909792205
6 19 -2.342125981958441
6 20 2.79787352303458
6 21 5.59574704606916
6 22 1.011456843183444
6 23 2.022913686366888
6 24 -0.3436971953321646
6 25 -0.6873943906643292
6 26 -1.2641264449743548
6 27 -2.5282528899487096
6 28 0.4102194902902292
6 29 0.8204389805804584
6 30 1.5153030555482958
6 31 3.0306061110965916
6 32 3.860558357464542
6 33 7.721116714929084
6 34 -0.27074272527799814
6 35 -0.5414854505559963
6 36 -2.1722835958093416
6 37 -4.344567191618683
6 38 -0.1157288877009337
6 39 -0.2314577754018674
7 0.7996365565726968
7 8 5.594249335146324
7 9 11.188498670292647
7 10 -3.001327092092999
7 11 -6.002654184185998
7 12 1.7056613631484951
7 13 3.4113227262969903
7 14 -2.2811764038097695
7 15 -4.562352807619539
7 16 -0.056176722697738324
7 17 -0.11235344539547665
7 18 -2.342125981958441
7 19 -4.684251963916882
7 20 5.59574704606916
7 21 11.19149409213832
7 22 2.022913686366888
7 23 4.045827372733776
7 24 -0.6873943906643292
7 25 -1.3747887813286583
7 26 -2.5282528899487096
7 27 -5.056505779897419
7 28 0.8204389805804584
7 29 1.6408779611609168
7 30 3.0306061110965916
7 31 6.061212222193183
7 32 7.721116714929084
7 33 15.442233429858168
7 34 -0.5414854505559963
7 35 -1.0829709011119926
7 36 -4.344567191618683
7 37 -8.689134383237366
7 38 -0.2314577754018674
7 39 -0.4629155508037348
8 18.532758946145815
8 9 12.154624294135424
8 10 4.440892098500626e-16
8 11 8.881784197001252e-16
8 12 1.9345381697548811
8 13 3.8690763395097623
8 14 -1.8255642663273839
8 15 -3.6511285326547678
8 16 -2.513449447154101
8 17 -5.026898894308202
8 18 -1.5635319709520556
8 19 -3.1270639419041113
8 20 1.9660746661042983
8 21 3.9321493322085965
8 22 -0.3061414734500889
8 23 -0.6122829469001778
8 24 -1.2406798706517006
8 25 -2.481359741303401
8 26 -1.5549233794726922
8 27 -3.1098467589453844
8 28 0.24158958107689393
8 29 0.48317916215378787
8 30 -0.006655038799697588
8 31 -0.013310077599395176
8 32 0.6398558376059695
8 33 1.279711675211939
8 34 0.4016385732498309
8 35 0.8032771464996618
8 36 1.022291655669182
8 37 2.044583311338364
8 38 0.9638473559007978
8 39 1.9276947118015957
9 43.14283003935934
9 10 8.881784197001252e-16
9 11 1.7763568394002505e-15
9 12 3.8690763395097623
9 13 7.7381526790195245
9 14 -3.6511285326547678
9 15 -7.3022570653095356
9 16 -5.026898894308202
9 17 -10.053797788616404
9 18 -3.1270639419041113
9 19 -6.254127883808223
9 20 3.9321493322085965
9 21 7.864298664417193
9 22 -0.6122829469001778
9 23 -1.2245658938003556
9 24 -2.481359741303401
9 25 -4.962719482606802
9 26 -3.1098467589453844
9 27 -6.219693517890769
9 28 0.48317916215378787
9 29 0.9663583243075757
9 30 -0.013310077599395176
9 31 -0.026620155198790352
9 32 1.279711675211939
9 33 2.559423350423878
9 34 0.8032771464996618
9 35 1.6065542929993235
9 36 2.044583311338364
9 37 4.089166622676728
9 38 1.9276947118015957
9 39 3.8553894236031914
10 -0.677940092432701
10 11 12.154624294135425
10 12 1.8255642663273846
10 13 3.651128532654769
10 14 1.9345381697548811
10 15 3.8690763395097623
10 16 1.5635319709520552
10 17 3.1270639419041104
10 18 -2.5134494471541013
10 19 -5.026898894308203
10 20 0.30614147345008946
10 21 0.6122829469001789
10 22 1.9660746661042983
10 23 3.9321493322085965
10 24 1.5549233794726922
10 25 3.1098467589453844
10 26 -1.2406798706517006
10 27 -2.481359741303401
10 28 0.006655038799697588
10 29 0.013310077599395176
10 30 0.24158958107689388
10 31 0.48317916215378776
10 32 -0.40163857324983043
10 33 -0.8032771464996609
10 34 0.6398558376059698
10 35 1.2797116752119395
10 36 -0.9638473559007978
10 37 -1.9276947118015957
10 38 1.0222916556691821
10 39 2.0445833113383642
11 4.7214319622023115
11 12 3.651128532654769
11 13 7.302257065309538
11 14 3.8690763395097623
11 15 7.7381526790195245
11 16 3.1270639419041104
11 17 6.254127883808221
11 18 -5.026898894308203
11 19 -10.053797788616405
11 20 0.6122829469001789
11 21 1.2245658938003579
11 22 3.9321493322085965
11 23 7.864298664417193
11 24 3.1098467589453844
11 25 6.219693517890769
11 26 -2.481359741303401
11 27 -4.962719482606802
11 28 0.013310077599395176
11 29 0.026620155198790352
11 30 0.48317916215378776
11 31 0.9663583243075755
11 32 -0.8032771464996609
11 33 -1.6065542929993217
11 34 1.2797116752119395
11 35 2.559423350423879
11 36 -1.9276947118015957
11 37 -3.8553894236031914
11 38 2.0445833113383642
11 39 4.0891666226767285
12 -5.866237933544753
12 13 13.850097808432935
12 14 4.2674197509029455e-16
12 15 8.534839501805891e-16
12 16 -0.5384417383231112
12 17 -1.0768834766462223
12 18 -0.6412831520477815
12 19 -1.282566304095563
12 20 1.6600936836296847
12 21 3.3201873672593694
12 22 -1.4879382105296017
12 23 -2.9758764210592035
12 24 1.1806152038881323
12 25 2.3612304077762647
12 26 -1.9236824255966534
12 27 -3.8473648511933067
12 28 1.891230141129178
12 29 3.782460282258356
12 30 -2.062338242105242
12 31 -4.124676484210484
12 32 -1.465635615682832
12 33 -2.931271231365664
12 34 0.4283360870980022
12 35 0.8566721741960044
12 36 -0.38737798740339524
12 37 -0.7747559748067905
12 38 4.639112667846749
12 39 9.278225335693499
13 -4.807426962873041
13 14 8.534839501805891e-16
13 15 1.7069679003611782e-15
13 16 -1.0768834766462223
13 17 -2.1537669532924446
13 18 -1.282566304095563
13 19 -2.565132608191126
13 20 3.3201873672593694
13 21 6.640374734518739
13 22 -2.9758764210592035
13 23 -5.951752842118407
13 24 2.3612304077762647
13 25 4.722460815552529
13 26 -3.8473648511933067
13 27 -7.6947297023866135
13 28 3.782460282258356
13 29 7.564920564516712
13 30 -4.124676484210484
13 31 -8.249352968420968
13 32 -2.931271231365664
13 33 -5.862542462731328
13 34 0.8566721741960044
13 35 1.7133443483920088
13 36 -0.7747559748067905
13 37 -1.549511949613581
13 38 9.278225335693499
13 39 18.556450671386997
14 -10.680968937040262
14 15 13.850097808432935
14 16 0.6412831520477815
14 17 1.282566304095563
14 18 -0.5384417383231109
14 19 -1.0768834766462219
14 20 1.487938210529602
14 21 2.975876421059204
14 22 1.6600936836296847
14 23 3.3201873672593694
14 24 1.9236824255966536
14 25 3.847364851193307
14 26 1.1806152038881321
14 27 2.3612304077762643
14 28 2.0623382421052416
14 29 4.124676484210483
14 30 1.8912301411291779
14 31 3.7824602822583557
14 32 -0.4283360870980022
14 33 -0.8566721741960044
14 34 -1.465635615682832
14 35 -2.931271231365664
14 36 -4.639112667846749
14 37 -9.278225335693499
14 38 -0.38737798740339513
14 39 -0.7747559748067903
15 -14.43688896986406
15 16 1.282566304095563
15 17 2.565132608191126
15 18 -1.0768834766462219
15 19 -2.1537669532924437
15 20 2.975876421059204
15 21 5.951752842118408
15 22 3.3201873672593694
15 23 6.640374734518739
15 24 3.847364851193307
15 25 7.694729702386614
15 26 2.3612304077762643
15 27 4.7224608155525285
15 28 4.124676484210483
15 29 8.249352968420967
15 30 3.7824602822583557
15 31 7.5649205645167115
15 32 -0.8566721741960044
15 33 -1.7133443483920088
15 34 -2.931271231365664
15 35 -5.862542462731328
15 36 -9.278225335693499
15 37 -18.556450671386997
15 38 -0.7747559748067903
15 39 -1.5495119496135805
16 -6.4943672892879265
16 17 15.394191831175469
16 18 2.220446049250313e-16
16 19 4.440892098500626e-16
16 20 -0.13043759971116364
16 21 -0.2608751994223273
16 22 1.9833319414253547
16 23 3.9666638828507095
16 24 0.602529024785522
16 25 1.205058049571044
16 26 -0.5267686906563644
16 27 -1.053537381312729
16 28 -2.2607409007307666
16 29 -4.521481801461533
16 30 1.7512830948162452
16 31 3.5025661896324904
16 32 -2.0720027131171523
16 33 -4.144005426234305
16 34 2.3599302801405564
16 35 4.719860560281113
16 36 -1.2276813913959885
16 37 -2.455362782791977
16 38 -1.435790812066816
16 39 -2.871581624133632
17 -5.291638662988117
17 18 4.440892098500626e-16
17 19 8.881784197001252e-16
17 20 -0.2608751994223273
17 21 -0.5217503988446546
17 22 3.9666638828507095
17 23 7.933327765701419
17 24 1.205058049571044
17 25 2.410116099142088
17 26 -1.053537381312729
17 27 -2.107074762625458
17 28 -4.521481801461533
17 29 -9.042963602923066
17 30 3.5025661896324904
17 31 7.005132379264981
17 32 -4.144005426234305
17 33 -8.28801085246861
17 34 4.719860560281113
17 35 9.439721120562226
17 36 -2.455362782791977
17 37 -4.910725565583954
17 38 -2.871581624133632
17 39 -5.743163248267264
18 -6.563531822343751
18 19 15.394191831175469
18 20 -1.9833319414253547
18 21 -3.9666638828507095
18 22 -0.13043759971116375
18 23 -0.2608751994223275
18 24 0.5267686906563646
18 25 1.0535373813127291
18 26 0.6025290247855221
18 27 1.2050580495710441
18 28 -1.7512830948162454
18 29 -3.502566189632491
18 30 -2.260740900730766
18 31 -4.521481801461532
18 32 -2.359930280140557
18 33 -4.719860560281114
18 34 -2.0720027131171523
18 35 -4.144005426234305
18 36 1.4357908120668155
18 37 2.871581624133631
18 38 -1.2276813913959883
18 39 -2.4553627827919766
19 -5.429967729099765
19 20 -3.9666638828507095
19 21 -7.933327765701419
19 22 -0.2608751994223275
19 23 -0.521750398844655
19 24 1.0535373813127291
19 25 2.1070747626254582
19 26 1.2050580495710441
19 27 2.4101160991420882
19 28 -3.502566189632491
19 29 -7.005132379264982
19 30 -4.521481801461532
19 31 -9.042963602923065
19 32 -4.719860560281114
19 33 -9.439721120562227
19 34 -4.144005426234305
19 35 -8.28801085246861
19 36 2.871581624133631
19 37 5.743163248267262
19 38 -2.4553627827919766
19 39 -4.910725565583953
20 -10.094655464425331
20 21 16.376594514385197
20 22 7.771561172376096e-16
20 23 1.5543122344752192e-15
20 24 -0.5603641006543832
20 25 -1.1207282013087665
20 26 1.4371020886378538
20 27 2.8742041772757077
20 28 3.740290836529116
20 29 7.480581673058232
20 30 3.1599388727927735
20 31 6.319877745585547
20 32 0.9859359426101525
20 33 1.971871885220305
20 34 -0.3478912735143882
20 35 -0.6957825470287764
20 36 -3.433015867494738
20 37 -6.866031734989476
20 38 1.9947480426741815
20 39 3.989496085348363
21 -12.001013671658068
21 22 1.5543122344752192e-15
21 23 3.1086244689504383e-15
21 24 -1.1207282013087665
21 25 -2.241456402617533
21 26 2.8742041772757077
21 27 5.748408354551415
21 28 7.480581673058232
21 29 14.961163346116464
21 30 6.319877745585547
21 31 12.639755491171094
21 32 1.971871885220305
21 33 3.94374377044061
21 34 -0.6957825470287764
21 35 -1.3915650940575528
21 36 -6.866031734989476
21 37 -13.732063469978952
21 38 3.989496085348363
21 39 7.978992170696726
22 4.166446538045834
22 23 16.376594514385197
22 24 -1.4371020886378543
22 25 -2.8742041772757085
22 26 -0.5603641006543834
22 27 -1.1207282013087667
22 28 -3.1599388727927735
22 29 -6.319877745585547
22 30 3.7402908365291156
22 31 7.480581673058231
22 32 0.3478912735143882
22 33 0.6957825470287764
22 34 0.9859359426101524
22 35 1.9718718852203048
22 36 -1.9947480426741822
22 37 -3.9894960853483643
22 38 -3.433015867494738
22 39 -6.866031734989476
23 16.521190333284267
23 24 -2.8742041772757085
23 25 -5.748408354551417
23 26 -1.1207282013087667
23 27 -2.2414564026175334
23 28 -6.319877745585547
23 29 -12.639755491171094
23 30 7.480581673058231
23 31 14.961163346116463
23 32 0.6957825470287764
23 33 1.3915650940575528
23 34 1.9718718852203048
23 35 3.9437437704406095
23 36 -3.9894960853483643
23 37 -7.978992170696729
23 38 -6.866031734989476
23 39 -13.732063469978952
24 -13.010458450952585
24 25 13.268835189338992
24 26 2.498001805406602e-16
24 27 4.996003610813204e-16
24 28 0.5663346219183497
24 29 1.1326692438366994
24 30 -0.8615495511237261
24 31 -1.7230991022474522
24 32 -1.4309352800764092
24 33 -2.8618705601528185
24 34 -1.0874602321080893
24 35 -2.1749204642161786
24 36 -0.19803863813610054
24 37 -0.3960772762722011
24 38 1.5215196353936937
24 39 3.0430392707873875
25 -19.386499307235674
25 26 4.996003610813204e-16
25 27 9.992007221626409e-16
25 28 1.1326692438366994
25 29 2.265338487673399
25 30 -1.7230991022474522
25 31 -3.4461982044949044
25 32 -2.8618705601528185
25 33 -5.723741120305637
25 34 -2.1749204642161786
25 35 -4.349840928432357
25 36 -0.3960772762722011
25 37 -0.7921545525444021
25 38 3.0430392707873875
25 39 6.086078541574775
26 -2.7628803192813183
26 27 13.268835189338992
26 28 0.8615495511237263
26 29 1.7230991022474527
26 30 0.5663346219183499
26 31 1.1326692438366999
26 32 1.0874602321080893
26 33 2.1749204642161786
26 34 -1.43093528007641
26 35 -2.86187056015282
26 36 -1.5215196353936935
26 37 -3.043039270787387
26 38 -0.19803863813610056
26 39 -0.39607727627220113
27 1.108656956106861
27 28 1.7230991022474527
27 29 3.4461982044949053
27 30 1.1326692438366999
27 31 2.2653384876733997
27 32 2.1749204642161786
27 33 4.349840928432357
27 34 -2.86187056015282
27 35 -5.72374112030564
27 36 -3.043039270787387
27 37 -6.086078541574774
27 38 -0.39607727627220113
27 39 -0.7921545525444023
28 -4.541757092372262
28 29 13.24187624340058
28 30 4.440892098500626e-16
28 31 8.881784197001252e-16
28 32 -0.4624416392487282
28 33 -0.9248832784974564
28 34 -0.03712155171374909
28 35 -0.07424310342749818
28 36 -1.7699532328571732
28 37 -3.5399064657143464
28 38 2.70146231895164
28 39 5.40292463790328
29 -2.462576063044235
29 30 8.881784197001252e-16
29 31 1.7763568394002505e-15
29 32 -0.9248832784974564
29 33 -1.8497665569949129
29 34 -0.07424310342749818
29 35 -0.14848620685499636
29 36 -3.5399064657143464
29 37 -7.079812931428693
29 38 5.40292463790328
29 39 10.80584927580656
30 1.755831996730234
30 31 13.24187624340058
30 32 0.03712155171374887
30 33 0.07424310342749774
30 34 -0.46244163924872855
30 35 -0.9248832784974571
30 36 -2.7014623189516405
30 37 -5.402924637903281
30 38 -1.769953232857173
30 39 -3.539906465714346
31 10.132602115160758
31 32 0.07424310342749774
31 33 0.14848620685499547
31 34 -0.9248832784974571
31 35 -1.8497665569949142
31 36 -5.402924637903281
31 37 -10.805849275806562
31 38 -3.539906465714346
31 39 -7.079812931428692
32 4.8241105664732
32 33 15.528865529393737
32 34 4.440892098500626e-16
32 35 8.881784197001252e-16
32 36 -0.1767251384986498
32 37 -0.3534502769972996
32 38 -1.3811790070971948
32 39 -2.7623580141943895
33 17.412653897643267
33 34 8.881784197001252e-16
33 35 1.7763568394002505e-15
33 36 -0.3534502769972996
33 37 -0.7069005539945992
33 38 -2.7623580141943895
33 39 -5.524716028388779
34 19.913473861203936
34 35 15.528865529393737
34 36 1.381179007097195
34 37 2.76235801419439
34 38 -0.17672513849865001
34 39 -0.35345027699730003
35 47.591380487104736
35 36 2.76235801419439
35 37 5.52471602838878
35 38 -0.35345027699730003
35 39 -0.7069005539946001
36 17.262652024769828
36 37 13.35534390779792
36 38 2.983724378680108e-16
36 39 5.967448757360216e-16
37 41.20297600343862
37 38 5.967448757360216e-16
37 39 1.1934897514720433e-15
38 -13.660606519758081
38 39 13.35534390779792
39 -20.6435410856172
