40
1100111011000101001101001111110110110001
0 20.250810813701484
0 1 16.675478983283185
0 2 1.6653345369377348e-16
0 3 3.3306690738754696e-16
0 4 3.168028217244922
0 5 6.336056434489844
0 6 1.2035581173763392
0 7 2.4071162347526784
0 8 0.6319499604855572
0 9 1.2638999209711144
0 10 -1.2577800967782349
0 11 -2.5155601935564698
0 12 -0.32855920610678835
0 13 -0.6571184122135767
0 14 1.6879910347329612
0 15 3.3759820694659224
0 16 -2.073504117426937
0 17 -4.147008234853874
0 18 -4.779291662169735
0 19 -9.55858332433947
0 20 -1.1116778891623669
0 21 -2.2233557783247337
0 22 -0.3847235973520883
0 23 -0.7694471947041766
0 24 -0.22131583500556185
0 25 -0.4426316700111237
0 26 -1.2200339981346409
0 27 -2.4400679962692817
0 28 -0.17575114627725485
0 29 -0.3515022925545097
0 30 0.4230966156716408
0 31 0.8461932313432816
0 32 -1.334332878231824
0 33 -2.668665756463648
0 34 -4.922729816636993
0 35 -9.845459633273986
0 36 1.1318126806696194
0 37 2.2636253613392388
0 38 -2.1633901210159436
0 39 -4.326780242031887
1 48.839361119044554
1 2 3.3306690738754696e-16
1 3 6.661338147750939e-16
1 4 6.336056434489844
1 5 12.672112868979688
1 6 2.4071162347526784
1 7 4.814232469505357
1 8 1.2638999209711144
1 9 2.5277998419422287
1 10 -2.5155601935564698
1 11 -5.0311203871129395
1 12 -0.6571184122135767
1 13 -1.3142368244271534
1 14 3.3759820694659224
1 15 6.751964138931845
1 16 -4.147008234853874
1 17 -8.294016469707747
1 18 -9.55858332433947
1 19 -19.11716664867894
1 20 -2.2233557783247337
1 21 -4.4467115566494675
1 22 -0.7694471947041766
1 23 -1.538894389408353
1 24 -0.4426316700111237
1 25 -0.8852633400222474
1 26 -2.4400679962692817
1 27 -4.8801359925385634
1 28 -0.3515022925545097
1 29 -0.7030045851090194
1 30 0.8461932313432816
1 31 1.6923864626865632
1 32 -2.668665756463648
1 33 -5.337331512927296
1 34 -9.845459633273986
1 35 -19.690919266547972
1 36 2.2636253613392388
1 37 4.5272507226784775
1 38 -4.326780242031887
1 39 -8.653560484063775
2 -20.454501469113413
2 3 16.675478983283185
2 4 -1.203558117376339
2 5 -2.407116234752678
2 6 3.168028217244922
2 7 6.336056434489844
2 8 1.2577800967782347
2 9 2.5155601935564693
2 10 0.6319499604855572
2 11 1.2638999209711144
2 12 -1.6879910347329616
2 13 -3.3759820694659233
2 14 -0.32855920610678835
2 15 -0.6571184122135767
2 16 4.779291662169735
2 17 9.55858332433947
2 18 -2.0735041174269364
2 19 -4.147008234853873
2 20 0.38472359735208805
2 21 0.7694471947041761
2 22 -1.1116778891623669
2 23 -2.2233557783247337
2 24 1.220033998134641
2 25 2.440067996269282
2 26 -0.2213158350055613
2 27 -0.4426316700111226
2 28 -0.42309661567164114
2 29 -0.8461932313432823
2 30 -0.1757511462772544
2 31 -0.3515022925545088
2 32 4.922729816636993
2 33 9.845459633273986
2 34 -1.334332878231824
2 35 -2.668665756463648
2 36 2.163390121015944
2 37 4.326780242031888
2 38 1.1318126806696194
2 39 2.2636253613392388
3 -32.571263446585235
3 4 -2.407116234752678
3 5 -4.814232469505356
3 6 6.336056434489844
3 7 12.672112868979688
3 8 2.5155601935564693
3 9 5.031120387112939
3 10 1.2638999209711144
3 11 2.5277998419422287
3 12 -3.3759820694659233
3 13 -6.7519641389318465
3 14 -0.6571184122135767
3 15 -1.3142368244271534
3 16 9.55858332433947
3 17 19.11716664867894
3 18 -4.147008234853873
3 19 -8.294016469707746
3 20 0.7694471947041761
3 21 1.5388943894083522
3 22 -2.2233557783247337
3 23 -4.4467115566494675
3 24 2.440067996269282
3 25 4.880135992538564
3 26 -0.4426316700111226
3 27 -0.8852633400222452
3 28 -0.8461932313432823
3 29 -1.6923864626865646
3 30 -0.3515022925545088
3 31 -0.7030045851090176
3 32 9.845459633273986
3 33 19.690919266547972
3 34 -2.668665756463648
3 35 -5.337331512927296
3 36 4.326780242031888
3 37 8.653560484063776
3 38 2.2636253613392388
3 39 4.5272507226784775
4 11.211700246125533
4 5 10.560156045927847
4 6 1.942890293094024e-16
4 7 3.885780586188048e-16
4 8 0.28135091459057704
4 9 0.5627018291811541
4 10 -0.0685639203562873
4 11 -0.1371278407125746
4 12 -1.1639844801449222
4 13 -2.3279689602898443
4 14 1.421906171759079
4 15 2.843812343518158
4 16 -1.4953930448618333
4 17 -2.9907860897236667
4 18 -3.982723546969628
4 19 -7.965447093939256
4 20 0.3645422914163634
4 21 0.7290845828327268
4 22 1.2613856412677504
4 23 2.522771282535501
4 24 -1.1279533375559583
4 25 -2.2559066751119166
4 26 -1.7731112597208236
4 27 -3.5462225194416472
4 28 0.5633618411725476
4 29 1.1267236823450952
4 30 3.165547775130566
4 31 6.331095550261132
4 32 -2.8096144153908678
4 33 -5.6192288307817355
4 34 -1.4023661980891746
4 35 -2.8047323961783492
4 36 -1.5014390757602922
4 37 -3.0028781515205845
4 38 -1.6285877684241088
4 39 -3.2571755368482176
5 27.70347851521499
5 6 3.885780586188048e-16
5 7 7.771561172376096e-16
5 8 0.5627018291811541
5 9 1.1254036583623082
5 10 -0.1371278407125746
5 11 -0.2742556814251492
5 12 -2.3279689602898443
5 13 -4.655937920579689
5 14 2.843812343518158
5 15 5.687624687036316
5 16 -2.9907860897236667
5 17 -5.981572179447333
5 18 -7.965447093939256
5 19 -15.930894187878511
5 20 0.7290845828327268
5 21 1.4581691656654536
5 22 2.522771282535501
5 23 5.045542565071002
5 24 -2.2559066751119166
5 25 -4.511813350223833
5 26 -3.5462225194416472
5 27 -7.0924450388832945
5 28 1.1267236823450952
5 29 2.2534473646901905
5 30 6.331095550261132
5 31 12.662191100522264
5 32 -5.6192288307817355
5 33 -11.238457661563471
5 34 -2.8047323961783492
5 35 -5.6094647923566985
5 36 -3.0028781515205845
5 37 -6.005756303041169
5 38 -3.2571755368482176
5 39 -6.514351073696435
6 -6.2956915378702885
6 7 10.560156045927846
6 8 0.06856392035628708
6 9 0.13712784071257417
6 10 0.281350914590577
6 11 0.562701829181154
6 12 -1.4219061717590793
6 13 -2.8438123435181586
6 14 -1.1639844801449222
6 15 -2.3279689602898443
6 16 3.9827235469696274
6 17 7.965447093939255
6 18 -1.4953930448618333
6 19 -2.9907860897236667
6 20 -1.2613856412677504
6 21 -2.522771282535501
6 22 0.3645422914163635
6 23 0.729084582832727
6 24 1.7731112597208234
6 25 3.546222519441647
6 26 -1.1279533375559585
6 27 -2.255906675111917
6 28 -3.165547775130566
6 29 -6.331095550261132
6 30 0.5633618411725473
6 31 1.1267236823450946
6 32 1.4023661980891744
6 33 2.804732396178349
6 34 -2.8096144153908673
6 35 -5.619228830781735
6 36 1.6285877684241086
6 37 3.257175536848217
6 38 -1.5014390757602922
6 39 -3.0028781515205845
7 -7.311305052776655
7 8 0.13712784071257417
7 9 0.27425568142514833
7 10 0.562701829181154
7 11 1.125403658362308
7 12 -2.8438123435181586
7 13 -5.687624687036317
7 14 -2.3279689602898443
7 15 -4.655937920579689
7 16 7.965447093939255
7 17 15.93089418787851
7 18 -2.9907860897236667
7 19 -5.981572179447333
7 20 -2.522771282535501
7 21 -5.045542565071002
7 22 0.729084582832727
7 23 1.458169165665454
7 24 3.546222519441647
7 25 7.092445038883294
7 26 -2.255906675111917
7 27 -4.511813350223834
7 28 -6.331095550261132
7 29 -12.662191100522264
7 30 1.1267236823450946
7 31 2.253447364690189
7 32 2.804732396178349
7 33 5.609464792356698
7 34 -5.619228830781735
7 35 -11.23845766156347
7 36 3.257175536848217
7 37 6.514351073696434
7 38 -3.0028781515205845
7 39 -6.005756303041169
8 3.8781005550189587
8 9 13.052798096045674
8 10 1.1102230246251565e-16
8 11 2.220446049250313e-16
8 12 0.9403243032670436
8 13 1.8806486065340873
8 14 -0.7501087949100982
8 15 -1.5002175898201964
8 16 0.6744926346928186
8 17 1.3489852693856372
8 18 -3.3042361800669156
8 19 -6.608472360133831
8 20 2.5194346451776255
8 21 5.038869290355251
8 22 0.30815955755556623
8 23 0.6163191151111325
8 24 1.2895569201898667
8 25 2.5791138403797333
8 26 -0.2074336677415491
8 27 -0.4148673354830982
8 28 1.7189458509243656
8 29 3.437891701848731
8 30 0.17579375055714896
8 31 0.35158750111429793
8 32 3.661696420468016
8 33 7.323392840936032
8 34 -1.3892755598952382
8 35 -2.7785511197904764
8 36 -0.5528424063744088
8 37 -1.1056848127488177
8 38 -1.7518305372575735
8 39 -3.503661074515147
9 14.282600158060752
9 10 2.220446049250313e-16
9 11 4.440892098500626e-16
9 12 1.8806486065340873
9 13 3.7612972130681745
9 14 -1.5002175898201964
9 15 -3.0004351796403927
9 16 1.3489852693856372
9 17 2.6979705387712745
9 18 -6.608472360133831
9 19 -13.216944720267662
9 20 5.038869290355251
9 21 10.077738580710502
9 22 0.6163191151111325
9 23 1.232638230222265
9 24 2.5791138403797333
9 25 5.158227680759467
9 26 -0.4148673354830982
9 27 -0.8297346709661964
9 28 3.437891701848731
9 29 6.875783403697462
9 30 0.35158750111429793
9 31 0.7031750022285959
9 32 7.323392840936032
9 33 14.646785681872064
9 34 -2.7785511197904764
9 35 -5.557102239580953
9 36 -1.1056848127488177
9 37 -2.2113696254976354
9 38 -3.503661074515147
9 39 -7.007322149030294
10 -26.436663728293674
10 11 13.052798096045674
10 12 0.7501087949100984
10 13 1.5002175898201968
10 14 0.9403243032670439
10 15 1.8806486065340877
10 16 3.3042361800669156
10 17 6.608472360133831
10 18 0.6744926346928184
10 19 1.3489852693856368
10 20 -0.308159557555566
10 21 -0.616319115111132
10 22 2.519434645177626
10 23 5.038869290355252
10 24 0.20743366774154895
10 25 0.4148673354830979
10 26 1.2895569201898667
10 27 2.5791138403797333
10 28 -0.17579375055714874
10 29 -0.3515875011142975
10 30 1.7189458509243656
10 31 3.437891701848731
10 32 1.3892755598952384
10 33 2.778551119790477
10 34 3.661696420468016
10 35 7.323392840936032
10 36 1.7518305372575735
10 37 3.503661074515147
10 38 -0.5528424063744088
10 39 -1.1056848127488177
11 -46.346928408564516
11 12 1.5002175898201968
11 13 3.0004351796403936
11 14 1.8806486065340877
11 15 3.7612972130681754
11 16 6.608472360133831
11 17 13.216944720267662
11 18 1.3489852693856368
11 19 2.6979705387712736
11 20 -0.616319115111132
11 21 -1.232638230222264
11 22 5.038869290355252
11 23 10.077738580710504
11 24 0.4148673354830979
11 25 0.8297346709661958
11 26 2.5791138403797333
11 27 5.158227680759467
11 28 -0.3515875011142975
11 29 -0.703175002228595
11 30 3.437891701848731
11 31 6.875783403697462
11 32 2.778551119790477
11 33 5.557102239580954
11 34 7.323392840936032
11 35 14.646785681872064
11 36 3.503661074515147
11 37 7.007322149030294
11 38 -1.1056848127488177
11 39 -2.2113696254976354
12 11.997772061112567
12 13 11.9416926812411
12 14 4.440892098500626e-16
12 15 8.881784197001252e-16
12 16 -1.8956378717459703
12 17 -3.7912757434919406
12 18 0.7418053925272554
12 19 1.4836107850545108
12 20 1.1436852862635885
12 21 2.287370572527177
12 22 -1.132087573696821
12 23 -2.264175147393642
12 24 -0.7626435887884107
12 25 -1.5252871775768213
12 26 0.9595872990397303
12 27 1.9191745980794606
12 28 4.2233266818308675
12 29 8.446653363661735
12 30 -2.3981913174422864
12 31 -4.796382634884573
12 32 0.39900768056830327
12 33 0.7980153611366065
12 34 0.041302261749187885
12 35 0.08260452349837577
12 36 0.3422345476213645
12 37 0.684469095242729
12 38 -2.569985643790786
12 39 -5.139971287581572
13 29.966390462845684
13 14 8.881784197001252e-16
13 15 1.7763568394002505e-15
13 16 -3.7912757434919406
13 17 -7.582551486983881
13 18 1.4836107850545108
13 19 2.9672215701090217
13 20 2.287370572527177
13 21 4.574741145054354
13 22 -2.264175147393642
13 23 -4.528350294787284
13 24 -1.5252871775768213
13 25 -3.0505743551536426
13 26 1.9191745980794606
13 27 3.838349196158921
13 28 8.446653363661735
13 29 16.89330672732347
13 30 -4.796382634884573
13 31 -9.592765269769146
13 32 0.7980153611366065
13 33 1.596030722273213
13 34 0.08260452349837577
13 35 0.16520904699675154
13 36 0.684469095242729
13 37 1.368938190485458
13 38 -5.139971287581572
13 39 -10.279942575163144
14 -15.342772165492336
14 15 11.9416926812411
14 16 -0.7418053925272557
14 17 -1.4836107850545115
14 18 -1.89563787174597
14 19 -3.79127574349194
14 20 1.1320875736968212
14 21 2.2641751473936425
14 22 1.1436852862635882
14 23 2.2873705725271765
14 24 -0.9595872990397304
14 25 -1.9191745980794608
14 26 -0.7626435887884108
14 27 -1.5252871775768215
14 28 2.3981913174422873
14 29 4.796382634884575
14 30 4.223326681830867
14 31 8.446653363661733
14 32 -0.041302261749187996
14 33 -0.08260452349837599
14 34 0.39900768056830327
14 35 0.7980153611366065
14 36 2.5699856437907855
14 37 5.139971287581571
14 38 0.3422345476213646
14 39 0.6844690952427293
15 -24.714697990364122
15 16 -1.4836107850545115
15 17 -2.967221570109023
15 18 -3.79127574349194
15 19 -7.58255148698388
15 20 2.2641751473936425
15 21 4.528350294787285
15 22 2.2873705725271765
15 23 4.574741145054353
15 24 -1.9191745980794608
15 25 -3.8383491961589216
15 26 -1.5252871775768215
15 27 -3.050574355153643
15 28 4.796382634884575
15 29 9.59276526976915
15 30 8.446653363661733
15 31 16.893306727323466
15 32 -0.08260452349837599
15 33 -0.16520904699675198
15 34 0.7980153611366065
15 35 1.596030722273213
15 36 5.139971287581571
15 37 10.279942575163142
15 38 0.6844690952427293
15 39 1.3689381904854585
16 -30.935915528394272
16 17 25.247452637300643
16 18 4.440892098500626e-16
16 19 8.881784197001252e-16
16 20 -1.2380179539079503
16 21 -2.4760359078159007
16 22 -1.2357582207390274
16 23 -2.471516441478055
16 24 3.6210934212449595
16 25 7.242186842489919
16 26 1.0777978284761183
16 27 2.1555956569522365
16 28 -5.920751420656815
16 29 -11.84150284131363
16 30 2.0514876833501154
16 31 4.102975366700231
16 32 4.736476366655752
16 33 9.472952733311503
16 34 -0.045946669193004275
16 35 -0.09189333838600855
16 36 2.03374662788451
16 37 4.06749325576902
16 38 -1.9533885178946622
16 39 -3.9067770357893243
17 -49.248104738138224
17 18 8.881784197001252e-16
17 19 1.7763568394002505e-15
17 20 -2.4760359078159007
17 21 -4.952071815631801
17 22 -2.471516441478055
17 23 -4.94303288295611
17 24 7.242186842489919
17 25 14.484373684979838
17 26 2.1555956569522365
17 27 4.311191313904473
17 28 -11.84150284131363
17 29 -23.68300568262726
17 30 4.102975366700231
17 31 8.205950733400462
17 32 9.472952733311503
17 33 18.945905466623007
17 34 -0.09189333838600855
17 35 -0.1837866767720171
17 36 4.06749325576902
17 37 8.13498651153804
17 38 -3.9067770357893243
17 39 -7.813554071578649
18 -12.615623470086025
18 19 25.24745263730064
18 20 1.2357582207390274
18 21 2.471516441478055
18 22 -1.2380179539079503
18 23 -2.4760359078159007
18 24 -1.0777978284761178
18 25 -2.1555956569522357
18 26 3.6210934212449595
18 27 7.242186842489919
18 28 -2.051487683350116
18 29 -4.102975366700232
18 30 -5.920751420656815
18 31 -11.84150284131363
18 32 0.04594666919300461
18 33 0.09189333838600922
18 34 4.736476366655751
18 35 9.472952733311502
18 36 1.9533885178946628
18 37 3.9067770357893257
18 38 2.03374662788451
18 39 4.06749325576902
19 -12.60752062152173
19 20 2.471516441478055
19 21 4.94303288295611
19 22 -2.4760359078159007
19 23 -4.952071815631801
19 24 -2.1555956569522357
19 25 -4.311191313904471
19 26 7.242186842489919
19 27 14.484373684979838
19 28 -4.102975366700232
19 29 -8.205950733400464
19 30 -11.84150284131363
19 31 -23.68300568262726
19 32 0.09189333838600922
19 33 0.18378667677201843
19 34 9.472952733311502
19 35 18.945905466623003
19 36 3.9067770357893257
19 37 7.813554071578651
19 38 4.06749325576902
19 39 8.13498651153804
20 -2.215225503454049
20 21 11.975999799722908
20 22 2.220446049250313e-16
20 23 4.440892098500626e-16
20 24 -2.5226920702851956
20 25 -5.045384140570391
20 26 1.4331190040086317
20 27 2.8662380080172634
20 28 3.1730480441000317
20 29 6.346096088200063
20 30 -0.12863849722637397
20 31 -0.25727699445274793
20 32 0.9959324670538152
20 33 1.9918649341076304
20 34 2.860219992114482
20 35 5.720439984228964
20 36 -0.09435490758199938
20 37 -0.18870981516399876
20 38 -0.22005223520905914
20 39 -0.4401044704181183
21 1.5575488929533563
21 22 4.440892098500626e-16
21 23 8.881784197001252e-16
21 24 -5.045384140570391
21 25 -10.090768281140782
21 26 2.8662380080172634
21 27 5.732476016034527
21 28 6.346096088200063
21 29 12.692192176400127
21 30 -0.25727699445274793
21 31 -0.5145539889054959
21 32 1.9918649341076304
21 33 3.983729868215261
21 34 5.720439984228964
21 35 11.440879968457928
21 36 -0.18870981516399876
21 37 -0.3774196303279975
21 38 -0.4401044704181183
21 39 -0.8802089408362366
22 -1.4903230685188897
22 23 11.975999799722908
22 24 -1.433119004008632
22 25 -2.866238008017264
22 26 -2.522692070285196
22 27 -5.045384140570392
22 28 0.12863849722637424
22 29 0.2572769944527485
22 30 3.173048044100032
22 31 6.346096088200064
22 32 -2.8602199921144815
22 33 -5.720439984228963
22 34 0.9959324670538154
22 35 1.9918649341076309
22 36 0.22005223520905925
22 37 0.4401044704181185
22 38 -0.09435490758199927
22 39 -0.18870981516399854
23 3.0073537628236746
23 24 -2.866238008017264
23 25 -5.732476016034528
23 26 -5.045384140570392
23 27 -10.090768281140784
23 28 0.2572769944527485
23 29 0.514553988905497
23 30 6.346096088200064
23 31 12.692192176400129
23 32 -5.720439984228963
23 33 -11.440879968457926
23 34 1.9918649341076309
23 35 3.9837298682152618
23 36 0.4401044704181185
23 37 0.880208940836237
23 38 -0.18870981516399854
23 39 -0.3774196303279971
24 -7.569966492289956
24 25 11.11521295747743
24 26 3.885780586188048e-16
24 27 7.771561172376096e-16
24 28 -2.8890923629829217
24 29 -5.778184725965843
24 30 0.48298779145527093
24 31 0.9659755829105419
24 32 2.754510528625024
24 33 5.509021057250048
24 34 -1.7356050995943026
24 35 -3.4712101991886053
24 36 -1.029692903854768
24 37 -2.059385807709536
24 38 -0.36588914023470825
24 39 -0.7317782804694165
25 -9.582326505841198
25 26 7.771561172376096e-16
25 27 1.5543122344752192e-15
25 28 -5.778184725965843
25 29 -11.556369451931687
25 30 0.9659755829105419
25 31 1.9319511658210837
25 32 5.509021057250048
25 33 11.018042114500096
25 34 -3.4712101991886053
25 35 -6.942420398377211
25 36 -2.059385807709536
25 37 -4.118771615419072
25 38 -0.7317782804694165
25 39 -1.463556560938833
26 -2.1032888208319953
26 27 11.11521295747743
26 28 -0.48298779145527093
26 29 -0.9659755829105419
26 30 -2.8890923629829217
26 31 -5.778184725965843
26 32 1.7356050995943033
26 33 3.4712101991886066
26 34 2.754510528625024
26 35 5.509021057250048
26 36 0.36588914023470825
26 37 0.7317782804694165
26 38 -1.0296929038547677
26 39 -2.0593858077095355
27 1.3510288370747254
27 28 -0.9659755829105419
27 29 -1.9319511658210837
27 30 -5.778184725965843
27 31 -11.556369451931687
27 32 3.4712101991886066
27 33 6.942420398377213
27 34 5.509021057250048
27 35 11.018042114500096
27 36 0.7317782804694165
27 37 1.463556560938833
27 38 -2.0593858077095355
27 39 -4.118771615419071
28 12.14557943699571
28 29 19.171160958517383
28 30 4.996003610813204e-16
28 31 9.992007221626409e-16
28 32 0.29431940192283845
28 33 0.5886388038456769
28 34 1.6186948335467937
28 35 3.2373896670935873
28 36 -0.5742887271335627
28 37 -1.1485774542671254
28 38 -0.01178941188068161
28 39 -0.02357882376136322
29 33.87673935325011
29 30 9.992007221626409e-16
29 31 1.9984014443252818e-15
29 32 0.5886388038456769
29 33 1.1772776076913538
29 34 3.2373896670935873
29 35 6.474779334187175
29 36 -1.1485774542671254
29 37 -2.297154908534251
29 38 -0.02357882376136322
29 39 -0.04715764752272644
30 -8.224608507215219
30 31 19.171160958517383
30 32 -1.6186948335467937
30 33 -3.2373896670935873
30 34 0.2943194019228387
30 35 0.5886388038456773
30 36 0.01178941188068161
30 37 0.02357882376136322
30 38 -0.5742887271335626
30 39 -1.1485774542671252
31 -6.86363653517175
31 32 -3.2373896670935873
31 33 -6.474779334187175
31 34 0.5886388038456773
31 35 1.1772776076913547
31 36 0.02357882376136322
31 37 0.04715764752272644
31 38 -1.1485774542671252
31 39 -2.2971549085342504
32 -27.550944452059063
32 33 16.48771910926463
32 34 4.440892098500626e-16
32 35 8.881784197001252e-16
32 36 2.8016336250102922
32 37 5.6032672500205845
32 38 0.9160480160332021
32 39 1.8320960320664041
33 -46.85802934948582
33 34 8.881784197001252e-16
33 35 1.7763568394002505e-15
33 36 5.6032672500205845
33 37 11.206534500041169
33 38 1.8320960320664041
33 39 3.6641920641328083
34 -16.859604631355886
34 35 16.48771910926463
34 36 -0.9160480160332016
34 37 -1.8320960320664033
34 38 2.8016336250102922
34 39 5.6032672500205845
35 -25.475349708079456
35 36 -1.8320960320664033
35 37 -3.6641920641328065
35 38 5.6032672500205845
35 39 11.206534500041169
36 -23.66034870208702
36 37 13.34861647937374
36 38 3.86843335142828e-16
36 39 7.73686670285656e-16
37 -40.646389164487175
37 38 7.73686670285656e-16
37 39 1.547373340571312e-15
38 -10.650744232340482
38 39 13.348616479373742
39 -14.627180224994095
