40
1100111011000101001101001111110110110001
0 -12.89164218090218
0 1 10.885080224279422
0 2 1.1102230246251565e-16
0 3 2.220446049250313e-16
0 4 2.8337181008562893
0 5 5.667436201712579
0 6 -1.9024088735045686
0 7 -3.804817747009137
0 8 -1.759108768403614
0 9 -3.518217536807228
0 10 -1.239838001174455
0 11 -2.47967600234891
0 12 -0.4541260489549284
0 13 -0.9082520979098568
0 14 0.1671974142601107
0 15 0.3343948285202214
0 16 0.22421969666418784
0 17 0.4484393933283757
0 18 -0.23604468758575767
0 19 -0.47208937517151534
0 20 -1.5563354171382608
0 21 -3.1126708342765217
0 22 3.794672829879418
0 23 7.589345659758836
0 24 3.497249552804702
0 25 6.994499105609404
0 26 0.8065466944002249
0 27 1.6130933888004497
0 28 -0.17187753100378877
0 29 -0.34375506200757755
0 30 -1.9329948096572034
0 31 -3.8659896193144068
0 32 -0.8532136559237811
0 33 -1.7064273118475621
0 34 1.6605546192245089
0 35 3.3211092384490177
0 36 0.26873770821091675
0 37 0.5374754164218335
0 38 -0.45043838138575826
0 39 -0.9008767627715165
1 -20.340744249664645
1 2 2.220446049250313e-16
1 3 4.440892098500626e-16
1 4 5.667436201712579
1 5 11.334872403425157
1 6 -3.804817747009137
1 7 -7.609635494018274
1 8 -3.518217536807228
1 9 -7.036435073614456
1 10 -2.47967600234891
1 11 -4.95935200469782
1 12 -0.9082520979098568
1 13 -1.8165041958197137
1 14 0.3343948285202214
1 15 0.6687896570404428
1 16 0.4484393933283757
1 17 0.8968787866567514
1 18 -0.47208937517151534
1 19 -0.9441787503430307
1 20 -3.1126708342765217
1 21 -6.225341668553043
1 22 7.589345659758836
1 23 15.178691319517672
1 24 6.994499105609404
1 25 13.988998211218808
1 26 1.6130933888004497
1 27 3.2261867776008994
1 28 -0.34375506200757755
1 29 -0.6875101240151551
1 30 -3.8659896193144068
1 31 -7.7319792386288135
1 32 -1.7064273118475621
1 33 -3.4128546236951243
1 34 3.3211092384490177
1 35 6.6422184768980355
1 36 0.5374754164218335
1 37 1.074950832843667
1 38 -0.9008767627715165
1 39 -1.801753525543033
2 -8.104320905254252
2 3 10.885080224279422
2 4 1.9024088735045688
2 5 3.8048177470091376
2 6 2.8337181008562893
2 7 5.667436201712579
2 8 1.2398380011744548
2 9 2.4796760023489095
2 10 -1.759108768403614
2 11 -3.518217536807228
2 12 -0.1671974142601107
2 13 -0.3343948285202214
2 14 -0.4541260489549284
2 15 -0.9082520979098568
2 16 0.23604468758575767
2 17 0.47208937517151534
2 18 0.22421969666418806
2 19 0.4484393933283761
2 20 -3.794672829879418
2 21 -7.589345659758836
2 22 -1.556335417138261
2 23 -3.112670834276522
2 24 -0.8065466944002246
2 25 -1.6130933888004493
2 26 3.4972495528047016
2 27 6.994499105609403
2 28 1.9329948096572034
2 29 3.8659896193144068
2 30 -0.17187753100378877
2 31 -0.34375506200757755
2 32 -1.660554619224509
2 33 -3.321109238449018
2 34 -0.8532136559237808
2 35 -1.7064273118475617
2 36 0.4504383813857583
2 37 0.9008767627715166
2 38 0.26873770821091664
2 39 0.5374754164218333
3 -10.766101698368791
3 4 3.8048177470091376
3 5 7.609635494018275
3 6 5.667436201712579
3 7 11.334872403425157
3 8 2.4796760023489095
3 9 4.959352004697819
3 10 -3.518217536807228
3 11 -7.036435073614456
3 12 -0.3343948285202214
3 13 -0.6687896570404428
3 14 -0.9082520979098568
3 15 -1.8165041958197137
3 16 0.47208937517151534
3 17 0.9441787503430307
3 18 0.4484393933283761
3 19 0.8968787866567522
3 20 -7.589345659758836
3 21 -15.178691319517672
3 22 -3.112670834276522
3 23 -6.225341668553044
3 24 -1.6130933888004493
3 25 -3.2261867776008986
3 26 6.994499105609403
3 27 13.988998211218806
3 28 3.8659896193144068
3 29 7.7319792386288135
3 30 -0.34375506200757755
3 31 -0.6875101240151551
3 32 -3.321109238449018
3 33 -6.642218476898036
3 34 -1.7064273118475617
3 35 -3.4128546236951234
3 36 0.9008767627715166
3 37 1.8017535255430333
3 38 0.5374754164218333
3 39 1.0749508328436665
4 -61.67630737715509
4 5 31.412470750424042
4 6 1.1102230246251565e-15
4 7 2.220446049250313e-15
4 8 -0.2053006887168804
4 9 -0.4106013774337608
4 10 0.1885152833731094
4 11 0.3770305667462188
4 12 1.877938864064284
4 13 3.755877728128568
4 14 6.0640607988247766
4 15 12.128121597649553
4 16 1.5175898004284785
4 17 3.035179600856957
4 18 -3.219055354497911
4 19 -6.438110708995822
4 20 -2.2379290415448496
4 21 -4.475858083089699
4 22 4.036664868795526
4 23 8.073329737591052
4 24 3.5108883247791205
4 25 7.021776649558241
4 26 -1.473612138036407
4 27 -2.947224276072814
4 28 0.7843896387746818
4 29 1.5687792775493636
4 30 1.114774859459776
4 31 2.229549718919552
4 32 -2.400139776465656
4 33 -4.800279552931312
4 34 1.8585897543239334
4 35 3.7171795086478667
4 36 1.3862109786066978
4 37 2.7724219572133957
4 38 0.2826362439081449
4 39 0.5652724878162898
5 -107.64637937909816
5 6 2.220446049250313e-15
5 7 4.440892098500626e-15
5 8 -0.4106013774337608
5 9 -0.8212027548675216
5 10 0.3770305667462188
5 11 0.7540611334924376
5 12 3.755877728128568
5 13 7.511755456257136
5 14 12.128121597649553
5 15 24.256243195299106
5 16 3.035179600856957
5 17 6.070359201713914
5 18 -6.438110708995822
5 19 -12.876221417991644
5 20 -4.475858083089699
5 21 -8.951716166179398
5 22 8.073329737591052
5 23 16.146659475182105
5 24 7.021776649558241
5 25 14.043553299116482
5 26 -2.947224276072814
5 27 -5.894448552145628
5 28 1.5687792775493636
5 29 3.1375585550987273
5 30 2.229549718919552
5 31 4.459099437839104
5 32 -4.800279552931312
5 33 -9.600559105862624
5 34 3.7171795086478667
5 35 7.4343590172957335
5 36 2.7724219572133957
5 37 5.544843914426791
5 38 0.5652724878162898
5 39 1.1305449756325796
6 -20.788168341127125
6 7 31.412470750424035
6 8 -0.18851528337311008
6 9 -0.37703056674622015
6 10 -0.20530068871688034
6 11 -0.4106013774337607
6 12 -6.064060798824776
6 13 -12.128121597649551
6 14 1.8779388640642838
6 15 3.7558777281285676
6 16 3.219055354497911
6 17 6.438110708995822
6 18 1.5175898004284785
6 19 3.035179600856957
6 20 -4.036664868795526
6 21 -8.073329737591052
6 22 -2.237929041544849
6 23 -4.475858083089698
6 24 1.4736121380364073
6 25 2.9472242760728147
6 26 3.51088832477912
6 27 7.02177664955824
6 28 -1.114774859459776
6 29 -2.229549718919552
6 30 0.784389638774682
6 31 1.568779277549364
6 32 -1.8585897543239331
6 33 -3.7171795086478663
6 34 -2.400139776465656
6 35 -4.800279552931312
6 36 -0.2826362439081449
6 37 -0.5652724878162898
6 38 1.3862109786066974
6 39 2.772421957213395
7 -25.87010130704223
7 8 -0.37703056674622015
7 9 -0.7540611334924403
7 10 -0.4106013774337607
7 11 -0.8212027548675214
7 12 -12.128121597649551
7 13 -24.256243195299103
7 14 3.7558777281285676
7 15 7.511755456257135
7 16 6.438110708995822
7 17 12.876221417991644
7 18 3.035179600856957
7 19 6.070359201713914
7 20 -8.073329737591052
7 21 -16.146659475182105
7 22 -4.475858083089698
7 23 -8.951716166179397
7 24 2.9472242760728147
7 25 5.894448552145629
7 26 7.02177664955824
7 27 14.04355329911648
7 28 -2.229549718919552
7 29 -4.459099437839104
7 30 1.568779277549364
7 31 3.137558555098728
7 32 -3.7171795086478663
7 33 -7.434359017295733
7 34 -4.800279552931312
7 35 -9.600559105862624
7 36 -0.5652724878162898
7 37 -1.1305449756325796
7 38 2.772421957213395
7 39 5.54484391442679
8 0.3394757821449179
8 9 16.657880533183206
8 10 2.7755575615628914e-16
8 11 5.551115123125783e-16
8 12 0.9318996968737471
8 13 1.8637993937474941
8 14 2.709795312657119
8 15 5.419590625314238
8 16 1.081731257482251
8 17 2.163462514964502
8 18 -1.3155157980361794
8 19 -2.6310315960723587
8 20 -1.8290933336339208
8 21 -3.6581866672678416
8 22 -4.559099508106377
8 23 -9.118199016212754
8 24 -3.404978636529138
8 25 -6.809957273058276
8 26 1.5080684159707198
8 27 3.0161368319414397
8 28 4.099219346286565
8 29 8.19843869257313
8 30 0.6219519579858445
8 31 1.243903915971689
8 32 2.2650458075226756
8 33 4.530091615045351
8 34 -1.832171687824932
8 35 -3.664343375649864
8 36 0.11813123471143605
8 37 0.2362624694228721
8 38 1.3662695275445824
8 39 2.732539055089165
9 9.00789183088144
9 10 5.551115123125783e-16
9 11 1.1102230246251565e-15
9 12 1.8637993937474941
9 13 3.7275987874949883
9 14 5.419590625314238
9 15 10.839181250628476
9 16 2.163462514964502
9 17 4.326925029929004
9 18 -2.6310315960723587
9 19 -5.262063192144717
9 20 -3.6581866672678416
9 21 -7.316373334535683
9 22 -9.118199016212754
9 23 -18.23639803242551
9 24 -6.809957273058276
9 25 -13.619914546116553
9 26 3.0161368319414397
9 27 6.032273663882879
9 28 8.19843869257313
9 29 16.39687738514626
9 30 1.243903915971689
9 31 2.487807831943378
9 32 4.530091615045351
9 33 9.060183230090702
9 34 -3.664343375649864
9 35 -7.328686751299728
9 36 0.2362624694228721
9 37 0.4725249388457442
9 38 2.732539055089165
9 39 5.46507811017833
10 -3.8852749202921135
10 11 16.657880533183206
10 12 -2.7097953126571195
10 13 -5.419590625314239
10 14 0.931899696873747
10 15 1.863799393747494
10 16 1.3155157980361794
10 17 2.6310315960723587
10 18 1.081731257482251
10 19 2.163462514964502
10 20 4.559099508106377
10 21 9.118199016212754
10 22 -1.8290933336339203
10 23 -3.6581866672678407
10 24 -1.5080684159707198
10 25 -3.0161368319414397
10 26 -3.4049786365291386
10 27 -6.809957273058277
10 28 -0.6219519579858444
10 29 -1.2439039159716887
10 30 4.099219346286565
10 31 8.19843869257313
10 32 1.8321716878249321
10 33 3.6643433756498642
10 34 2.2650458075226756
10 35 4.530091615045351
10 36 -1.3662695275445822
10 37 -2.7325390550891644
10 38 0.1181312347114356
10 39 0.2362624694228712
11 0.558390426007378
11 12 -5.419590625314239
11 13 -10.839181250628478
11 14 1.863799393747494
11 15 3.727598787494988
11 16 2.6310315960723587
11 17 5.262063192144717
11 18 2.163462514964502
11 19 4.326925029929004
11 20 9.118199016212754
11 21 18.23639803242551
11 22 -3.6581866672678407
11 23 -7.316373334535681
11 24 -3.0161368319414397
11 25 -6.032273663882879
11 26 -6.809957273058277
11 27 -13.619914546116554
11 28 -1.2439039159716887
11 29 -2.4878078319433774
11 30 8.19843869257313
11 31 16.39687738514626
11 32 3.6643433756498642
11 33 7.3286867512997285
11 34 4.530091615045351
11 35 9.060183230090702
11 36 -2.7325390550891644
11 37 -5.465078110178329
11 38 0.2362624694228712
11 39 0.4725249388457424
12 15.36864775443063
12 13 18.28275137251315
12 14 0.0
12 15 0.0
12 16 -1.9108340466599727
12 17 -3.8216680933199454
12 18 -2.2602751904743625
12 19 -4.520550380948725
12 20 1.4482767325567107
12 21 2.8965534651134215
12 22 0.8626929731126394
12 23 1.7253859462252787
12 24 -2.3362889653151986
12 25 -4.672577930630397
12 26 -2.84650876343117
12 27 -5.69301752686234
12 28 0.7381827932912242
12 29 1.4763655865824483
12 30 -2.6968802700001135
12 31 -5.393760540000227
12 32 -0.7851709296011409
12 33 -1.5703418592022818
12 34 1.5163833580588908
12 35 3.0327667161177816
12 36 1.8326928327086591
12 37 3.6653856654173183
12 38 0.5108436989079973
12 39 1.0216873978159946
13 39.87867119511783
13 14 0.0
13 15 0.0
13 16 -3.8216680933199454
13 17 -7.643336186639891
13 18 -4.520550380948725
13 19 -9.04110076189745
13 20 2.8965534651134215
13 21 5.793106930226843
13 22 1.7253859462252787
13 23 3.4507718924505575
13 24 -4.672577930630397
13 25 -9.345155861260794
13 26 -5.69301752686234
13 27 -11.38603505372468
13 28 1.4763655865824483
13 29 2.9527311731648966
13 30 -5.393760540000227
13 31 -10.787521080000454
13 32 -1.5703418592022818
13 33 -3.1406837184045635
13 34 3.0327667161177816
13 35 6.065533432235563
13 36 3.6653856654173183
13 37 7.3307713308346365
13 38 1.0216873978159946
13 39 2.043374795631989
14 -44.44112656248589
14 15 18.282751372513147
14 16 2.2602751904743625
14 17 4.520550380948725
14 18 -1.9108340466599727
14 19 -3.8216680933199454
14 20 -0.8626929731126391
14 21 -1.7253859462252783
14 22 1.4482767325567107
14 23 2.8965534651134215
14 24 2.8465087634311694
14 25 5.693017526862339
14 26 -2.3362889653151986
14 27 -4.672577930630397
14 28 2.696880270000114
14 29 5.393760540000228
14 30 0.7381827932912244
14 31 1.4763655865824488
14 32 -1.5163833580588908
14 33 -3.0327667161177816
14 34 -0.7851709296011409
14 35 -1.5703418592022818
14 36 -0.5108436989079974
14 37 -1.0216873978159948
14 38 1.8326928327086587
14 39 3.6653856654173174
15 -79.74087743871522
15 16 4.520550380948725
15 17 9.04110076189745
15 18 -3.8216680933199454
15 19 -7.643336186639891
15 20 -1.7253859462252783
15 21 -3.4507718924505566
15 22 2.8965534651134215
15 23 5.793106930226843
15 24 5.693017526862339
15 25 11.386035053724678
15 26 -4.672577930630397
15 27 -9.345155861260794
15 28 5.393760540000228
15 29 10.787521080000456
15 30 1.4763655865824488
15 31 2.9527311731648975
15 32 -3.0327667161177816
15 33 -6.065533432235563
15 34 -1.5703418592022818
15 35 -3.1406837184045635
15 36 -1.0216873978159948
15 37 -2.0433747956319896
15 38 3.6653856654173174
15 39 7.330771330834635
16 -27.837005235997623
16 17 9.86172437059516
16 18 3.0531133177191805e-16
16 19 6.106226635438361e-16
16 20 -2.4023688817126874
16 21 -4.804737763425375
16 22 -1.312235797401903
16 23 -2.624471594803806
16 24 1.0687734814826455
16 25 2.137546962965291
16 26 1.4707762262999373
16 27 2.9415524525998746
16 28 -0.012266995410000314
16 29 -0.02453399082000063
16 30 -1.2180384899325327
16 31 -2.4360769798650654
16 32 3.3219222259276115
16 33 6.643844451855223
16 34 -2.47684055303693
16 35 -4.95368110607386
16 36 0.24569649724483944
16 37 0.4913929944896789
16 38 0.6233354587399202
16 39 1.2466709174798405
17 -50.74314828669767
17 18 6.106226635438361e-16
17 19 1.2212453270876722e-15
17 20 -4.804737763425375
17 21 -9.60947552685075
17 22 -2.624471594803806
17 23 -5.248943189607612
17 24 2.137546962965291
17 25 4.275093925930582
17 26 2.9415524525998746
17 27 5.883104905199749
17 28 -0.02453399082000063
17 29 -0.04906798164000126
17 30 -2.4360769798650654
17 31 -4.872153959730131
17 32 6.643844451855223
17 33 13.287688903710446
17 34 -4.95368110607386
17 35 -9.90736221214772
17 36 0.4913929944896789
17 37 0.9827859889793578
17 38 1.2466709174798405
17 39 2.493341834959681
18 0.8622119825871333
18 19 9.861724370595162
18 20 1.3122357974019028
18 21 2.6244715948038055
18 22 -2.4023688817126874
18 23 -4.804737763425375
18 24 -1.4707762262999373
18 25 -2.9415524525998746
18 26 1.0687734814826455
18 27 2.137546962965291
18 28 1.2180384899325325
18 29 2.436076979865065
18 30 -0.012266995410000314
18 31 -0.02453399082000063
18 32 2.47684055303693
18 33 4.95368110607386
18 34 3.3219222259276124
18 35 6.643844451855225
18 36 -0.6233354587399198
18 37 -1.2466709174798396
18 38 0.24569649724483966
18 39 0.4913929944896793
19 6.655286150471848
19 20 2.6244715948038055
19 21 5.248943189607611
19 22 -4.804737763425375
19 23 -9.60947552685075
19 24 -2.9415524525998746
19 25 -5.883104905199749
19 26 2.137546962965291
19 27 4.275093925930582
19 28 2.436076979865065
19 29 4.87215395973013
19 30 -0.02453399082000063
19 31 -0.04906798164000126
19 32 4.95368110607386
19 33 9.90736221214772
19 34 6.643844451855225
19 35 13.28768890371045
19 36 -1.2466709174798396
19 37 -2.493341834959679
19 38 0.4913929944896793
19 39 0.9827859889793586
20 29.418353798458295
20 21 17.235711478612785
20 22 7.771561172376096e-16
20 23 1.5543122344752192e-15
20 24 -2.965833369498466
20 25 -5.931666738996932
20 26 -5.277806322064651
20 27 -10.555612644129303
20 28 -0.5286264808182883
20 29 -1.0572529616365767
20 30 3.6363336657297984
20 31 7.272667331459597
20 32 0.17145140480237875
20 33 0.3429028096047575
20 34 4.062486833161409
20 35 8.124973666322818
20 36 -2.4961312897224754
20 37 -4.992262579444951
20 38 -1.2186550648468524
20 39 -2.4373101296937048
21 67.45456333622299
21 22 1.5543122344752192e-15
21 23 3.1086244689504383e-15
21 24 -5.931666738996932
21 25 -11.863333477993864
21 26 -10.555612644129303
21 27 -21.111225288258606
21 28 -1.0572529616365767
21 29 -2.1145059232731533
21 30 7.272667331459597
21 31 14.545334662919194
21 32 0.3429028096047575
21 33 0.685805619209515
21 34 8.124973666322818
21 35 16.249947332645636
21 36 -4.992262579444951
21 37 -9.984525158889902
21 38 -2.4373101296937048
21 39 -4.8746202593874095
22 -2.3583008229926383
22 23 17.235711478612785
22 24 5.2778063220646505
22 25 10.555612644129301
22 26 -2.965833369498466
22 27 -5.931666738996932
22 28 -3.636333665729799
22 29 -7.272667331459598
22 30 -0.5286264808182883
22 31 -1.0572529616365767
22 32 -4.062486833161409
22 33 -8.124973666322818
22 34 0.17145140480237853
22 35 0.34290280960475705
22 36 1.218655064846852
22 37 2.437310129693704
22 38 -2.4961312897224754
22 39 -4.992262579444951
23 3.9012540933211177
23 24 10.555612644129301
23 25 21.111225288258602
23 26 -5.931666738996932
23 27 -11.863333477993864
23 28 -7.272667331459598
23 29 -14.545334662919196
23 30 -1.0572529616365767
23 31 -2.1145059232731533
23 32 -8.124973666322818
23 33 -16.249947332645636
23 34 0.34290280960475705
23 35 0.6858056192095141
23 36 2.437310129693704
23 37 4.874620259387408
23 38 -4.992262579444951
23 39 -9.984525158889902
24 -26.693938379003406
24 25 19.376590776657743
24 26 2.220446049250313e-16
24 27 4.440892098500626e-16
24 28 -2.0494314012492274
24 29 -4.098862802498455
24 30 -1.4263823930413226
24 31 -2.8527647860826453
24 32 -2.6117256675133995
24 33 -5.223451335026799
24 34 -0.4747052828907942
24 35 -0.9494105657815884
24 36 2.9025130459879205
24 37 5.805026091975841
24 38 -1.1336687378661017
24 39 -2.2673374757322033
25 -43.699581369677944
25 26 4.440892098500626e-16
25 27 8.881784197001252e-16
25 28 -4.098862802498455
25 29 -8.19772560499691
25 30 -2.8527647860826453
25 31 -5.7055295721652906
25 32 -5.223451335026799
25 33 -10.446902670053598
25 34 -0.9494105657815884
25 35 -1.898821131563177
25 36 5.805026091975841
25 37 11.610052183951682
25 38 -2.2673374757322033
25 39 -4.534674951464407
26 -6.814310530970514
26 27 19.376590776657743
26 28 1.4263823930413226
26 29 2.8527647860826453
26 30 -2.049431401249228
26 31 -4.098862802498456
26 32 0.474705282890794
26 33 0.949410565781588
26 34 -2.611725667513399
26 35 -5.223451335026798
26 36 1.133668737866102
26 37 2.267337475732204
26 38 2.9025130459879205
26 39 5.805026091975841
27 -3.940325673612154
27 28 2.8527647860826453
27 29 5.7055295721652906
27 30 -4.098862802498456
27 31 -8.197725604996911
27 32 0.949410565781588
27 33 1.898821131563176
27 34 -5.223451335026798
27 35 -10.446902670053596
27 36 2.267337475732204
27 37 4.534674951464408
27 38 5.805026091975841
27 39 11.610052183951682
28 -9.314909302040867
28 29 14.838295599036417
28 30 2.220446049250313e-16
28 31 4.440892098500626e-16
28 32 2.343844129562696
28 33 4.687688259125392
28 34 -0.4858375493363174
28 35 -0.9716750986726348
28 36 -1.2101219882684855
28 37 -2.420243976536971
28 38 -0.07105217285744692
28 39 -0.14210434571489383
29 -11.210670804563525
29 30 4.440892098500626e-16
29 31 8.881784197001252e-16
29 32 4.687688259125392
29 33 9.375376518250784
29 34 -0.9716750986726348
29 35 -1.9433501973452696
29 36 -2.420243976536971
29 37 -4.840487953073942
29 38 -0.14210434571489383
29 39 -0.28420869142978766
30 0.6099059152227109
30 31 14.838295599036417
30 32 0.4858375493363176
30 33 0.9716750986726352
30 34 2.343844129562696
30 35 4.687688259125392
30 36 0.07105217285744714
30 37 0.14210434571489428
30 38 -1.2101219882684857
30 39 -2.4202439765369714
31 8.63895962996363
31 32 0.9716750986726352
31 33 1.9433501973452705
31 34 4.687688259125392
31 35 9.375376518250784
31 36 0.14210434571489428
31 37 0.28420869142978855
31 38 -2.4202439765369714
31 39 -4.840487953073943
32 -3.435169356865323
32 33 20.882546754105924
32 34 2.220446049250313e-16
32 35 4.440892098500626e-16
32 36 2.0402429318436552
32 37 4.0804858636873105
32 38 -1.8998427476785242
32 39 -3.7996854953570485
33 3.570934663322319
33 34 4.440892098500626e-16
33 35 8.881784197001252e-16
33 36 4.0804858636873105
33 37 8.160971727374621
33 38 -3.7996854953570485
33 39 -7.599370990714097
34 -11.096151767894717
34 35 20.882546754105924
34 36 1.8998427476785251
34 37 3.7996854953570502
34 38 2.0402429318436557
34 39 4.080485863687311
35 -11.75103015873647
35 36 3.7996854953570502
35 37 7.5993709907141005
35 38 4.080485863687311
35 39 8.160971727374623
36 -19.851306346480097
36 37 20.837377149466754
36 38 7.771561172376096e-16
36 39 1.5543122344752192e-15
37 -29.28392411822682
37 38 1.5543122344752192e-15
37 39 3.1086244689504383e-15
38 -25.196756308821495
38 39 20.83737714946675
39 -39.97482404290962
