40
1100111011000101001101001111110110110001
0 2.098719193123527
0 1 16.30651489678891
0 2 2.220446049250313e-16
0 3 4.440892098500626e-16
0 4 0.016363756945959262
0 5 0.032727513891918525
0 6 1.1102917406221176
0 7 2.220583481244235
0 8 1.6392584836089616
0 9 3.2785169672179233
0 10 -4.103173805503451
0 11 -8.206347611006901
0 12 3.921621851264568
0 13 7.843243702529136
0 14 0.4388302798484906
0 15 0.8776605596969812
0 16 0.4422613182427896
0 17 0.8845226364855792
0 18 1.4451220982836541
0 19 2.8902441965673082
0 20 1.9015823405046868
0 21 3.8031646810093735
0 22 -2.8459296566402776
0 23 -5.691859313280555
0 24 -2.6932336140727147
0 25 -5.386467228145429
0 26 0.2764075116042304
0 27 0.5528150232084608
0 28 1.9503062208829296
0 29 3.900612441765859
0 30 2.977508361767687
0 31 5.955016723535374
0 32 -1.7974736249522776
0 33 -3.594947249904555
0 34 -3.2742705434512667
0 35 -6.548541086902533
0 36 -1.0017472673840484
0 37 -2.003494534768097
0 38 1.8825036595957085
0 39 3.765007319191417
1 12.35069583464151
1 2 4.440892098500626e-16
1 3 8.881784197001252e-16
1 4 0.032727513891918525
1 5 0.06545502778383705
1 6 2.220583481244235
1 7 4.44116696248847
1 8 3.2785169672179233
1 9 6.557033934435847
1 10 -8.206347611006901
1 11 -16.412695222013802
1 12 7.843243702529136
1 13 15.686487405058273
1 14 0.8776605596969812
1 15 1.7553211193939624
1 16 0.8845226364855792
1 17 1.7690452729711583
1 18 2.8902441965673082
1 19 5.7804883931346165
1 20 3.8031646810093735
1 21 7.606329362018747
1 22 -5.691859313280555
1 23 -11.38371862656111
1 24 -5.386467228145429
1 25 -10.772934456290859
1 26 0.5528150232084608
1 27 1.1056300464169215
1 28 3.900612441765859
1 29 7.801224883531718
1 30 5.955016723535374
1 31 11.910033447070749
1 32 -3.594947249904555
1 33 -7.18989449980911
1 34 -6.548541086902533
1 35 -13.097082173805067
1 36 -2.003494534768097
1 37 -4.006989069536194
1 38 3.765007319191417
1 39 7.530014638382834
2 -9.399025885026656
2 3 16.30651489678891
2 4 -1.1102917406221176
2 5 -2.220583481244235
2 6 0.01636375694595915
2 7 0.0327275138919183
2 8 4.103173805503451
2 9 8.206347611006901
2 10 1.6392584836089616
2 11 3.2785169672179233
2 12 -0.4388302798484901
2 13 -0.8776605596969802
2 14 3.9216218512645686
2 15 7.843243702529137
2 16 -1.4451220982836537
2 17 -2.8902441965673074
2 18 0.4422613182427894
2 19 0.8845226364855788
2 20 2.8459296566402776
2 21 5.691859313280555
2 22 1.901582340504687
2 23 3.803164681009374
2 24 -0.2764075116042315
2 25 -0.552815023208463
2 26 -2.6932336140727147
2 27 -5.386467228145429
2 28 -2.9775083617676863
2 29 -5.955016723535373
2 30 1.9503062208829294
2 31 3.9006124417658588
2 32 3.2742705434512667
2 33 6.548541086902533
2 34 -1.7974736249522778
2 35 -3.5949472499045556
2 36 -1.8825036595957085
2 37 -3.765007319191417
2 38 -1.0017472673840486
2 39 -2.0034945347680972
3 -10.644794321658853
3 4 -2.220583481244235
3 5 -4.44116696248847
3 6 0.0327275138919183
3 7 0.0654550277838366
3 8 8.206347611006901
3 9 16.412695222013802
3 10 3.2785169672179233
3 11 6.557033934435847
3 12 -0.8776605596969802
3 13 -1.7553211193939604
3 14 7.843243702529137
3 15 15.686487405058275
3 16 -2.8902441965673074
3 17 -5.780488393134615
3 18 0.8845226364855788
3 19 1.7690452729711577
3 20 5.691859313280555
3 21 11.38371862656111
3 22 3.803164681009374
3 23 7.606329362018748
3 24 -0.552815023208463
3 25 -1.105630046416926
3 26 -5.386467228145429
3 27 -10.772934456290859
3 28 -5.955016723535373
3 29 -11.910033447070745
3 30 3.9006124417658588
3 31 7.8012248835317175
3 32 6.548541086902533
3 33 13.097082173805067
3 34 -3.5949472499045556
3 35 -7.189894499809111
3 36 -3.765007319191417
3 37 -7.530014638382834
3 38 -2.0034945347680972
3 39 -4.0069890695361945
4 -1.5083449091180414
4 5 11.267767101188598
4 6 3.3306690738754696e-16
4 7 6.661338147750939e-16
4 8 -1.5677012943433297
4 9 -3.1354025886866594
4 10 -2.417299738881628
4 11 -4.834599477763256
4 12 -0.9490205329845338
4 13 -1.8980410659690676
4 14 -1.990422229570381
4 15 -3.980844459140762
4 16 0.20935345629032953
4 17 0.41870691258065906
4 18 -1.5801354942420702
4 19 -3.1602709884841405
4 20 -1.8178533341072511
4 21 -3.6357066682145023
4 22 0.8748827820031374
4 23 1.7497655640062748
4 24 0.7349179679657531
4 25 1.4698359359315063
4 26 0.49486820340647236
4 27 0.9897364068129447
4 28 0.15843285985298627
4 29 0.31686571970597255
4 30 -1.6330715068371409
4 31 -3.2661430136742817
4 32 0.83778429301238
4 33 1.67556858602476
4 34 -0.927029220912953
4 35 -1.854058441825906
4 36 -1.7114026498694028
4 37 -3.4228052997388057
4 38 -0.6866897880271563
4 39 -1.3733795760543126
5 2.6171937323582153
5 6 6.661338147750939e-16
5 7 1.3322676295501878e-15
5 8 -3.1354025886866594
5 9 -6.270805177373319
5 10 -4.834599477763256
5 11 -9.669198955526513
5 12 -1.8980410659690676
5 13 -3.7960821319381353
5 14 -3.980844459140762
5 15 -7.961688918281524
5 16 0.41870691258065906
5 17 0.8374138251613181
5 18 -3.1602709884841405
5 19 -6.320541976968281
5 20 -3.6357066682145023
5 21 -7.271413336429005
5 22 1.7497655640062748
5 23 3.4995311280125496
5 24 1.4698359359315063
5 25 2.9396718718630126
5 26 0.9897364068129447
5 27 1.9794728136258894
5 28 0.31686571970597255
5 29 0.6337314394119451
5 30 -3.2661430136742817
5 31 -6.5322860273485635
5 32 1.67556858602476
5 33 3.35113717204952
5 34 -1.854058441825906
5 35 -3.708116883651812
5 36 -3.4228052997388057
5 37 -6.845610599477611
5 38 -1.3733795760543126
5 39 -2.746759152108625
6 -0.40224156362610675
6 7 11.267767101188598
6 8 2.417299738881628
6 9 4.834599477763256
6 10 -1.5677012943433297
6 11 -3.1354025886866594
6 12 1.990422229570381
6 13 3.980844459140762
6 14 -0.9490205329845339
6 15 -1.8980410659690679
6 16 1.5801354942420702
6 17 3.1602709884841405
6 18 0.2093534562903295
6 19 0.418706912580659
6 20 -0.8748827820031374
6 21 -1.7497655640062748
6 22 -1.817853334107251
6 23 -3.635706668214502
6 24 -0.49486820340647264
6 25 -0.9897364068129453
6 26 0.7349179679657529
6 27 1.4698359359315059
6 28 1.6330715068371409
6 29 3.2661430136742817
6 30 0.15843285985298622
6 31 0.31686571970597244
6 32 0.9270292209129531
6 33 1.8540584418259063
6 34 0.8377842930123797
6 35 1.6755685860247593
6 36 0.6866897880271561
6 37 1.3733795760543122
6 38 -1.7114026498694026
6 39 -3.422805299738805
7 4.829400423342085
7 8 4.834599477763256
7 9 9.669198955526513
7 10 -3.1354025886866594
7 11 -6.270805177373319
7 12 3.980844459140762
7 13 7.961688918281524
7 14 -1.8980410659690679
7 15 -3.7960821319381357
7 16 3.1602709884841405
7 17 6.320541976968281
7 18 0.418706912580659
7 19 0.837413825161318
7 20 -1.7497655640062748
7 21 -3.4995311280125496
7 22 -3.635706668214502
7 23 -7.271413336429004
7 24 -0.9897364068129453
7 25 -1.9794728136258906
7 26 1.4698359359315059
7 27 2.9396718718630117
7 28 3.2661430136742817
7 29 6.5322860273485635
7 30 0.31686571970597244
7 31 0.6337314394119449
7 32 1.8540584418259063
7 33 3.7081168836518126
7 34 1.6755685860247593
7 35 3.3511371720495187
7 36 1.3733795760543122
7 37 2.7467591521086243
7 38 -3.422805299738805
7 39 -6.84561059947761
8 13.301724395774823
8 9 19.72861459692004
8 10 2.220446049250313e-16
8 11 4.440892098500626e-16
8 12 2.2731552012101415
8 13 4.546310402420283
8 14 4.225495808113874
8 15 8.450991616227748
8 16 -1.1076816156581453
8 17 -2.2153632313162905
8 18 -0.4049716372855592
8 19 -0.8099432745711184
8 20 2.4153146427396943
8 21 4.830629285479389
8 22 -0.7854870391093169
8 23 -1.5709740782186339
8 24 -5.448989432795325
8 25 -10.89797886559065
8 26 -3.1786903898695367
8 27 -6.357380779739073
8 28 -2.3656563804870614
8 29 -4.731312760974123
8 30 4.667035465434858
8 31 9.334070930869716
8 32 -1.081408385185005
8 33 -2.16281677037001
8 34 -3.560992338912269
8 35 -7.121984677824538
8 36 -0.7807725176448261
8 37 -1.5615450352896523
8 38 -0.3817632648415562
8 39 -0.7635265296831124
9 36.467756090009665
9 10 4.440892098500626e-16
9 11 8.881784197001252e-16
9 12 4.546310402420283
9 13 9.092620804840566
9 14 8.450991616227748
9 15 16.901983232455496
9 16 -2.2153632313162905
9 17 -4.430726462632581
9 18 -0.8099432745711184
9 19 -1.6198865491422367
9 20 4.830629285479389
9 21 9.661258570958777
9 22 -1.5709740782186339
9 23 -3.1419481564372678
9 24 -10.89797886559065
9 25 -21.7959577311813
9 26 -6.357380779739073
9 27 -12.714761559478147
9 28 -4.731312760974123
9 29 -9.462625521948246
9 30 9.334070930869716
9 31 18.668141861739432
9 32 -2.16281677037001
9 33 -4.32563354074002
9 34 -7.121984677824538
9 35 -14.243969355649076
9 36 -1.5615450352896523
9 37 -3.1230900705793045
9 38 -0.7635265296831124
9 39 -1.5270530593662248
10 0.596278724857946
10 11 19.72861459692004
10 12 -4.225495808113873
10 13 -8.450991616227746
10 14 2.273155201210141
10 15 4.546310402420282
10 16 0.4049716372855593
10 17 0.8099432745711186
10 18 -1.1076816156581453
10 19 -2.2153632313162905
10 20 0.785487039109317
10 21 1.570974078218634
10 22 2.4153146427396943
10 23 4.830629285479389
10 24 3.1786903898695367
10 25 6.357380779739073
10 26 -5.448989432795326
10 27 -10.897978865590652
10 28 -4.667035465434857
10 29 -9.334070930869714
10 30 -2.365656380487062
10 31 -4.731312760974124
10 32 3.560992338912269
10 33 7.121984677824538
10 34 -1.0814083851850051
10 35 -2.1628167703700103
10 36 0.3817632648415561
10 37 0.7635265296831122
10 38 -0.7807725176448264
10 39 -1.5615450352896527
11 11.056864748175911
11 12 -8.450991616227746
11 13 -16.901983232455493
11 14 4.546310402420282
11 15 9.092620804840564
11 16 0.8099432745711186
11 17 1.6198865491422372
11 18 -2.2153632313162905
11 19 -4.430726462632581
11 20 1.570974078218634
11 21 3.141948156437268
11 22 4.830629285479389
11 23 9.661258570958777
11 24 6.357380779739073
11 25 12.714761559478147
11 26 -10.897978865590652
11 27 -21.795957731181304
11 28 -9.334070930869714
11 29 -18.66814186173943
11 30 -4.731312760974124
11 31 -9.462625521948247
11 32 7.121984677824538
11 33 14.243969355649076
11 34 -2.1628167703700103
11 35 -4.325633540740021
11 36 0.7635265296831122
11 37 1.5270530593662244
11 38 -1.5615450352896527
11 39 -3.1230900705793054
12 -15.958584622890472
12 13 26.747094155032592
12 14 0.0
12 15 0.0
12 16 0.18150169792276705
12 17 0.3630033958455341
12 18 1.9886879557476165
12 19 3.977375911495233
12 20 -0.07191411424410976
12 21 -0.14382822848821952
12 22 -0.711266175287159
12 23 -1.422532350574318
12 24 -2.4767257595574383
12 25 -4.953451519114877
12 26 5.529325486108429
12 27 11.058650972216858
12 28 -0.40669039132484663
12 29 -0.8133807826496933
12 30 4.789607926802983
12 31 9.579215853605966
12 32 -2.2934871088142508
12 33 -4.5869742176285015
12 34 -1.485815964864069
12 35 -2.971631929728138
12 36 0.14232621000449525
12 37 0.2846524200089905
12 38 3.1496552213653937
12 39 6.299310442730787
13 -18.543622168264648
13 14 0.0
13 15 0.0
13 16 0.3630033958455341
13 17 0.7260067916910682
13 18 3.977375911495233
13 19 7.954751822990466
13 20 -0.14382822848821952
13 21 -0.28765645697643905
13 22 -1.422532350574318
13 23 -2.845064701148636
13 24 -4.953451519114877
13 25 -9.906903038229753
13 26 11.058650972216858
13 27 22.117301944433716
13 28 -0.8133807826496933
13 29 -1.6267615652993865
13 30 9.579215853605966
13 31 19.158431707211932
13 32 -4.5869742176285015
13 33 -9.173948435257003
13 34 -2.971631929728138
13 35 -5.943263859456276
13 36 0.2846524200089905
13 37 0.569304840017981
13 38 6.299310442730787
13 39 12.598620885461575
14 2.8593272615087697
14 15 26.747094155032592
14 16 -1.9886879557476163
14 17 -3.9773759114952325
14 18 0.18150169792276716
14 19 0.3630033958455343
14 20 0.7112661752871592
14 21 1.4225323505743184
14 22 -0.07191411424410987
14 23 -0.14382822848821974
14 24 -5.529325486108429
14 25 -11.058650972216858
14 26 -2.4767257595574383
14 27 -4.953451519114877
14 28 -4.789607926802983
14 29 -9.579215853605966
14 30 -0.40669039132484647
14 31 -0.8133807826496929
14 32 1.485815964864069
14 33 2.971631929728138
14 34 -2.2934871088142508
14 35 -4.5869742176285015
14 36 -3.1496552213653937
14 37 -6.299310442730787
14 38 0.1423262100044948
14 39 0.2846524200089896
15 19.092201600533834
15 16 -3.9773759114952325
15 17 -7.954751822990465
15 18 0.3630033958455343
15 19 0.7260067916910686
15 20 1.4225323505743184
15 21 2.8450647011486367
15 22 -0.14382822848821974
15 23 -0.2876564569764395
15 24 -11.058650972216858
15 25 -22.117301944433716
15 26 -4.953451519114877
15 27 -9.906903038229753
15 28 -9.579215853605966
15 29 -19.158431707211932
15 30 -0.8133807826496929
15 31 -1.6267615652993859
15 32 2.971631929728138
15 33 5.943263859456276
15 34 -4.5869742176285015
15 35 -9.173948435257003
15 36 -6.299310442730787
15 37 -12.598620885461575
15 38 0.2846524200089896
15 39 0.5693048400179792
16 -12.56592125383226
16 17 10.796191999855132
16 18 4.440892098500626e-16
16 19 8.881784197001252e-16
16 20 -1.9646722044009803
16 21 -3.9293444088019607
16 22 -1.1061742374892556
16 23 -2.212348474978511
16 24 1.1541631799414063
16 25 2.3083263598828125
16 26 0.46627133067465015
16 27 0.9325426613493003
16 28 -0.1853085952698108
16 29 -0.3706171905396216
16 30 1.8606706204368537
16 31 3.7213412408737074
16 32 1.544460954317095
16 33 3.08892190863419
16 34 0.3188698932834377
16 35 0.6377397865668754
16 36 1.3478456134269017
16 37 2.6956912268538034
16 38 0.15856010690582287
16 39 0.31712021381164573
17 -19.733746507736953
17 18 8.881784197001252e-16
17 19 1.7763568394002505e-15
17 20 -3.9293444088019607
17 21 -7.858688817603921
17 22 -2.212348474978511
17 23 -4.424696949957022
17 24 2.3083263598828125
17 25 4.616652719765625
17 26 0.9325426613493003
17 27 1.8650853226986006
17 28 -0.3706171905396216
17 29 -0.7412343810792432
17 30 3.7213412408737074
17 31 7.442682481747415
17 32 3.08892190863419
17 33 6.17784381726838
17 34 0.6377397865668754
17 35 1.2754795731337507
17 36 2.6956912268538034
17 37 5.391382453707607
17 38 0.31712021381164573
17 39 0.6342404276232915
18 -8.294761423818741
18 19 10.796191999855132
18 20 1.1061742374892554
18 21 2.2123484749785107
18 22 -1.9646722044009803
18 23 -3.9293444088019607
18 24 -0.4662713306746501
18 25 -0.9325426613493002
18 26 1.1541631799414067
18 27 2.3083263598828134
18 28 -1.8606706204368537
18 29 -3.7213412408737074
18 30 -0.18530859526981125
18 31 -0.3706171905396225
18 32 -0.3188698932834377
18 33 -0.6377397865668754
18 34 1.5444609543170948
18 35 3.0889219086341897
18 36 -0.15856010690582267
18 37 -0.31712021381164535
18 38 1.347845613426902
18 39 2.695691226853804
19 -11.191426847709915
19 20 2.2123484749785107
19 21 4.4246969499570215
19 22 -3.9293444088019607
19 23 -7.858688817603921
19 24 -0.9325426613493002
19 25 -1.8650853226986004
19 26 2.3083263598828134
19 27 4.616652719765627
19 28 -3.7213412408737074
19 29 -7.442682481747415
19 30 -0.3706171905396225
19 31 -0.741234381079245
19 32 -0.6377397865668754
19 33 -1.2754795731337507
19 34 3.0889219086341897
19 35 6.177843817268379
19 36 -0.31712021381164535
19 37 -0.6342404276232907
19 38 2.695691226853804
19 39 5.391382453707608
20 10.331160772131598
20 21 16.941017951943728
20 22 2.220446049250313e-16
20 23 4.440892098500626e-16
20 24 -0.5331143374192455
20 25 -1.066228674838491
20 26 -0.4631296025406832
20 27 -0.9262592050813664
20 28 0.6940872523444616
20 29 1.3881745046889231
20 30 0.40576517269194345
20 31 0.8115303453838869
20 32 0.5406603706644353
20 33 1.0813207413288706
20 34 -3.4792185041501384
20 35 -6.958437008300277
20 36 0.2977594570722326
20 37 0.5955189141444652
20 38 -1.6926559684521756
20 39 -3.385311936904351
21 29.13283052023506
21 22 4.440892098500626e-16
21 23 8.881784197001252e-16
21 24 -1.066228674838491
21 25 -2.132457349676982
21 26 -0.9262592050813664
21 27 -1.8525184101627328
21 28 1.3881745046889231
21 29 2.7763490093778462
21 30 0.8115303453838869
21 31 1.6230606907677738
21 32 1.0813207413288706
21 33 2.162641482657741
21 34 -6.958437008300277
21 35 -13.916874016600554
21 36 0.5955189141444652
21 37 1.1910378282889305
21 38 -3.385311936904351
21 39 -6.770623873808702
22 -19.021782465328144
22 23 16.941017951943728
22 24 0.46312960254068336
22 25 0.9262592050813667
22 26 -0.5331143374192457
22 27 -1.0662286748384915
22 28 -0.40576517269194323
22 29 -0.8115303453838865
22 30 0.6940872523444617
22 31 1.3881745046889233
22 32 3.4792185041501384
22 33 6.958437008300277
22 34 0.5406603706644352
22 35 1.0813207413288703
22 36 1.6926559684521756
22 37 3.385311936904351
22 38 0.2977594570722324
22 39 0.5955189141444648
23 -29.573055954684428
23 24 0.9262592050813667
23 25 1.8525184101627334
23 26 -1.0662286748384915
23 27 -2.132457349676983
23 28 -0.8115303453838865
23 29 -1.623060690767773
23 30 1.3881745046889233
23 31 2.7763490093778467
23 32 6.958437008300277
23 33 13.916874016600554
23 34 1.0813207413288703
23 35 2.1626414826577407
23 36 3.385311936904351
23 37 6.770623873808702
23 38 0.5955189141444648
23 39 1.1910378282889296
24 -10.17061444861166
24 25 17.278680767656418
24 26 4.440892098500626e-16
24 27 8.881784197001252e-16
24 28 1.976331955649365
24 29 3.95266391129873
24 30 -2.9382359943473046
24 31 -5.876471988694609
24 32 2.774002125319814
24 33 5.548004250639628
24 34 1.938342433075712
24 35 3.876684866151424
24 36 1.3070331479696975
24 37 2.614066295939395
24 38 -0.5437465210280934
24 39 -1.0874930420561868
25 -11.701888513395112
25 26 8.881784197001252e-16
25 27 1.7763568394002505e-15
25 28 3.95266391129873
25 29 7.90532782259746
25 30 -5.876471988694609
25 31 -11.752943977389219
25 32 5.548004250639628
25 33 11.096008501279256
25 34 3.876684866151424
25 35 7.753369732302848
25 36 2.614066295939395
25 37 5.22813259187879
25 38 -1.0874930420561868
25 39 -2.1749860841123736
26 -7.9518965064404075
26 27 17.278680767656418
26 28 2.938235994347305
26 29 5.87647198869461
26 30 1.9763319556493653
26 31 3.9526639112987305
26 32 -1.9383424330757115
26 33 -3.876684866151423
26 34 2.7740021253198135
26 35 5.548004250639627
26 36 0.5437465210280935
26 37 1.087493042056187
26 38 1.3070331479696973
26 39 2.6140662959393945
27 -7.264452629052606
27 28 5.87647198869461
27 29 11.75294397738922
27 30 3.9526639112987305
27 31 7.905327822597461
27 32 -3.876684866151423
27 33 -7.753369732302846
27 34 5.548004250639627
27 35 11.096008501279254
27 36 1.087493042056187
27 37 2.174986084112374
27 38 2.6140662959393945
27 39 5.228132591878789
28 12.317666897019993
28 29 19.276310351687776
28 30 4.996003610813204e-16
28 31 9.992007221626409e-16
28 32 -1.155317403646957
28 33 -2.310634807293914
28 34 1.3791479617774907
28 35 2.7582959235549813
28 36 2.9917613000582115
28 37 5.983522600116423
28 38 -0.74234084060956
28 39 -1.48468168121912
29 34.27348896988387
29 30 9.992007221626409e-16
29 31 1.9984014443252818e-15
29 32 -2.310634807293914
29 33 -4.621269614587828
29 34 2.7582959235549813
29 35 5.516591847109963
29 36 5.983522600116423
29 37 11.967045200232846
29 38 -1.48468168121912
29 39 -2.96936336243824
30 -11.150913441278284
30 31 19.276310351687776
30 32 -1.3791479617774909
30 33 -2.7582959235549818
30 34 -1.1553174036469571
30 35 -2.3106348072939142
30 36 0.7423408406095605
30 37 1.484681681219121
30 38 2.9917613000582115
30 39 5.983522600116423
31 -12.663671706712684
31 32 -2.7582959235549818
31 33 -5.5165918471099635
31 34 -2.3106348072939142
31 35 -4.6212696145878285
31 36 1.484681681219121
31 37 2.969363362438242
31 38 5.983522600116423
31 39 11.967045200232846
32 -30.41998105435238
32 33 16.60256948131944
32 34 4.440892098500626e-16
32 35 8.881784197001252e-16
32 36 1.0024157567382206
32 37 2.004831513476441
32 38 -1.3378936102132781
32 39 -2.6757872204265563
33 -52.53867736804504
33 34 8.881784197001252e-16
33 35 1.7763568394002505e-15
33 36 2.004831513476441
33 37 4.009663026952882
33 38 -2.6757872204265563
33 39 -5.3515744408531125
34 -2.6685221885368513
34 35 16.60256948131944
34 36 1.3378936102132781
34 37 2.6757872204265563
34 38 1.0024157567382204
34 39 2.0048315134764407
35 2.964240363586015
35 36 2.6757872204265563
35 37 5.3515744408531125
35 38 2.0048315134764407
35 39 4.0096630269528815
36 -5.324440986103427
36 37 12.174111572166947
36 38 2.220446049250313e-16
36 39 4.440892098500626e-16
37 -4.5618261861233815
37 38 4.440892098500626e-16
37 39 8.881784197001252e-16
38 -17.63198165694509
38 39 12.174111572166947
39 -29.176907527806712
