40
1100111011000101001101001111110110110001
0 2.5117631948393018
0 1 10.274146915626156
0 2 2.220446049250313e-16
0 3 4.440892098500626e-16
0 4 -0.0879833644994048
0 5 -0.1759667289988096
0 6 0.3885728357199573
0 7 0.7771456714399146
0 8 1.682643653129768
0 9 3.365287306259536
0 10 0.18034574291890038
0 11 0.36069148583780075
0 12 1.0409230959230857
0 13 2.0818461918461715
0 14 0.22617017266942635
0 15 0.4523403453388527
0 16 0.5051070793783479
0 17 1.0102141587566957
0 18 -0.13723998841836293
0 19 -0.27447997683672587
0 20 -0.08974450257925709
0 21 -0.17948900515851418
0 22 -2.9103827720657858
0 23 -5.8207655441315715
0 24 2.397274222222719
0 25 4.794548444445438
0 26 3.7679191216380343
0 27 7.535838243276069
0 28 -0.6021385693319278
0 29 -1.2042771386638556
0 30 -1.496356799511875
0 31 -2.99271359902375
0 32 -1.212116332889791
0 33 -2.424232665779582
0 34 1.5861161659551708
0 35 3.1722323319103416
0 36 -1.6070749283646404
0 37 -3.2141498567292808
0 38 0.4207668355048574
0 39 0.8415336710097148
1 10.160599847491683
1 2 4.440892098500626e-16
1 3 8.881784197001252e-16
1 4 -0.1759667289988096
1 5 -0.3519334579976192
1 6 0.7771456714399146
1 7 1.5542913428798293
1 8 3.365287306259536
1 9 6.730574612519072
1 10 0.36069148583780075
1 11 0.7213829716756015
1 12 2.0818461918461715
1 13 4.163692383692343
1 14 0.4523403453388527
1 15 0.9046806906777054
1 16 1.0102141587566957
1 17 2.0204283175133915
1 18 -0.27447997683672587
1 19 -0.5489599536734517
1 20 -0.17948900515851418
1 21 -0.35897801031702836
1 22 -5.8207655441315715
1 23 -11.641531088263143
1 24 4.794548444445438
1 25 9.589096888890875
1 26 7.535838243276069
1 27 15.071676486552137
1 28 -1.2042771386638556
1 29 -2.408554277327711
1 30 -2.99271359902375
1 31 -5.9854271980475
1 32 -2.424232665779582
1 33 -4.848465331559164
1 34 3.1722323319103416
1 35 6.344464663820683
1 36 -3.2141498567292808
1 37 -6.4282997134585615
1 38 0.8415336710097148
1 39 1.6830673420194295
2 6.188313235419483
2 3 10.274146915626154
2 4 -0.38857283571995715
2 5 -0.7771456714399143
2 6 -0.08798336449940491
2 7 -0.17596672899880983
2 8 -0.1803457429189002
2 9 -0.3606914858378004
2 10 1.6826436531297682
2 11 3.3652873062595363
2 12 -0.22617017266942618
2 13 -0.45234034533885237
2 14 1.040923095923086
2 15 2.081846191846172
2 16 0.1372399884183631
2 17 0.2744799768367262
2 18 0.505107079378348
2 19 1.010214158756696
2 20 2.9103827720657858
2 21 5.8207655441315715
2 22 -0.08974450257925692
2 23 -0.17948900515851385
2 24 -3.7679191216380343
2 25 -7.535838243276069
2 26 2.397274222222719
2 27 4.794548444445438
2 28 1.4963567995118752
2 29 2.9927135990237503
2 30 -0.602138569331928
2 31 -1.204277138663856
2 32 -1.5861161659551708
2 33 -3.1722323319103416
2 34 -1.2121163328897908
2 35 -2.4242326657795816
2 36 -0.4207668355048573
2 37 -0.8415336710097145
2 38 -1.6070749283646406
2 39 -3.214149856729281
3 17.513699928652045
3 4 -0.7771456714399143
3 5 -1.5542913428798286
3 6 -0.17596672899880983
3 7 -0.35193345799761966
3 8 -0.3606914858378004
3 9 -0.7213829716756008
3 10 3.3652873062595363
3 11 6.730574612519073
3 12 -0.45234034533885237
3 13 -0.9046806906777047
3 14 2.081846191846172
3 15 4.163692383692344
3 16 0.2744799768367262
3 17 0.5489599536734524
3 18 1.010214158756696
3 19 2.020428317513392
3 20 5.8207655441315715
3 21 11.641531088263143
3 22 -0.17948900515851385
3 23 -0.3589780103170277
3 24 -7.535838243276069
3 25 -15.071676486552137
3 26 4.794548444445438
3 27 9.589096888890875
3 28 2.9927135990237503
3 29 5.985427198047501
3 30 -1.204277138663856
3 31 -2.408554277327712
3 32 -3.1722323319103416
3 33 -6.344464663820683
3 34 -2.4242326657795816
3 35 -4.848465331559163
3 36 -0.8415336710097145
3 37 -1.683067342019429
3 38 -3.214149856729281
3 39 -6.428299713458562
4 -27.96543177167202
4 5 19.07451690172817
4 6 6.661338147750939e-16
4 7 1.3322676295501878e-15
4 8 -1.2073068968687
4 9 -2.4146137937374
4 10 0.8025250020071023
4 11 1.6050500040142046
4 12 1.8122442869412725
4 13 3.624488573882545
4 14 4.304692047717299
4 15 8.609384095434597
4 16 -1.6709393317281696
4 17 -3.341878663456339
4 18 -1.6163873099261785
4 19 -3.232774619852357
4 20 -1.493975160466479
4 21 -2.987950320932958
4 22 0.6510590079260753
4 23 1.3021180158521506
4 24 -1.9743333847832607
4 25 -3.9486667695665214
4 26 2.2695497342450124
4 27 4.539099468490025
4 28 -2.8367430986258704
4 29 -5.673486197251741
4 30 1.5328435979903619
4 31 3.0656871959807237
4 32 0.23118247317661367
4 33 0.46236494635322734
4 34 0.18059407041381415
4 35 0.3611881408276283
4 36 1.9090947320402845
4 37 3.818189464080569
4 38 0.2474101195842202
4 39 0.4948202391684404
5 -46.39360509247996
5 6 1.3322676295501878e-15
5 7 2.6645352591003757e-15
5 8 -2.4146137937374
5 9 -4.8292275874748
5 10 1.6050500040142046
5 11 3.2101000080284092
5 12 3.624488573882545
5 13 7.24897714776509
5 14 8.609384095434597
5 15 17.218768190869195
5 16 -3.341878663456339
5 17 -6.683757326912678
5 18 -3.232774619852357
5 19 -6.465549239704714
5 20 -2.987950320932958
5 21 -5.975900641865916
5 22 1.3021180158521506
5 23 2.604236031704301
5 24 -3.9486667695665214
5 25 -7.897333539133043
5 26 4.539099468490025
5 27 9.07819893698005
5 28 -5.673486197251741
5 29 -11.346972394503481
5 30 3.0656871959807237
5 31 6.131374391961447
5 32 0.46236494635322734
5 33 0.9247298927064547
5 34 0.3611881408276283
5 35 0.7223762816552566
5 36 3.818189464080569
5 37 7.636378928161138
5 38 0.4948202391684404
5 39 0.9896404783368808
6 7.791294658759274
6 7 19.07451690172817
6 8 -0.8025250020071026
6 9 -1.6050500040142053
6 10 -1.2073068968686997
6 11 -2.4146137937373995
6 12 -4.304692047717299
6 13 -8.609384095434597
6 14 1.8122442869412727
6 15 3.6244885738825454
6 16 1.616387309926178
6 17 3.232774619852356
6 18 -1.6709393317281696
6 19 -3.341878663456339
6 20 -0.6510590079260757
6 21 -1.3021180158521515
6 22 -1.4939751604664795
6 23 -2.987950320932959
6 24 -2.269549734245013
6 25 -4.539099468490026
6 26 -1.97433338478326
6 27 -3.94866676956652
6 28 -1.532843597990362
6 29 -3.065687195980724
6 30 -2.83674309862587
6 31 -5.67348619725174
6 32 -0.1805940704138142
6 33 -0.3611881408276284
6 34 0.2311824731766139
6 35 0.4623649463532278
6 36 -0.24741011958422
6 37 -0.49482023916844
6 38 1.9090947320402845
6 39 3.818189464080569
7 25.11984776838263
7 8 -1.6050500040142053
7 9 -3.2101000080284106
7 10 -2.4146137937373995
7 11 -4.829227587474799
7 12 -8.609384095434597
7 13 -17.218768190869195
7 14 3.6244885738825454
7 15 7.248977147765091
7 16 3.232774619852356
7 17 6.465549239704712
7 18 -3.341878663456339
7 19 -6.683757326912678
7 20 -1.3021180158521515
7 21 -2.604236031704303
7 22 -2.987950320932959
7 23 -5.975900641865918
7 24 -4.539099468490026
7 25 -9.078198936980051
7 26 -3.94866676956652
7 27 -7.89733353913304
7 28 -3.065687195980724
7 29 -6.131374391961448
7 30 -5.67348619725174
7 31 -11.34697239450348
7 32 -0.3611881408276284
7 33 -0.7223762816552568
7 34 0.4623649463532278
7 35 0.9247298927064556
7 36 -0.49482023916844
7 37 -0.98964047833688
7 38 3.818189464080569
7 39 7.636378928161138
8 4.654720675752081
8 9 11.407986872827
8 10 3.608224830031759e-16
8 11 7.216449660063518e-16
8 12 1.5053281042563975
8 13 3.010656208512795
8 14 -0.40250454277704195
8 15 -0.8050090855540839
8 16 -1.6107513321786795
8 17 -3.221502664357359
8 18 1.5779470555697053
8 19 3.1558941111394105
8 20 -0.6562489920663583
8 21 -1.3124979841327167
8 22 -0.8181988123005712
8 23 -1.6363976246011425
8 24 1.4185842419830508
8 25 2.8371684839661016
8 26 0.02943239011499532
8 27 0.05886478022999064
8 28 -0.28013577963012765
8 29 -0.5602715592602553
8 30 -0.7738351719803791
8 31 -1.5476703439607582
8 32 0.6850819976468511
8 33 1.3701639952937021
8 34 0.5493476554601111
8 35 1.0986953109202222
8 36 1.5378143509106894
8 37 3.075628701821379
8 38 -0.7689982786977517
8 39 -1.5379965573955034
9 15.013434787917664
9 10 7.216449660063518e-16
9 11 1.4432899320127035e-15
9 12 3.010656208512795
9 13 6.02131241702559
9 14 -0.8050090855540839
9 15 -1.6100181711081678
9 16 -3.221502664357359
9 17 -6.443005328714718
9 18 3.1558941111394105
9 19 6.311788222278821
9 20 -1.3124979841327167
9 21 -2.6249959682654334
9 22 -1.6363976246011425
9 23 -3.272795249202285
9 24 2.8371684839661016
9 25 5.674336967932203
9 26 0.05886478022999064
9 27 0.11772956045998129
9 28 -0.5602715592602553
9 29 -1.1205431185205106
9 30 -1.5476703439607582
9 31 -3.0953406879215164
9 32 1.3701639952937021
9 33 2.7403279905874043
9 34 1.0986953109202222
9 35 2.1973906218404444
9 36 3.075628701821379
9 37 6.151257403642758
9 38 -1.5379965573955034
9 39 -3.075993114791007
10 -5.888258863096032
10 11 11.407986872827
10 12 0.4025045427770422
10 13 0.8050090855540843
10 14 1.5053281042563975
10 15 3.010656208512795
10 16 -1.577947055569705
10 17 -3.15589411113941
10 18 -1.6107513321786793
10 19 -3.2215026643573585
10 20 0.818198812300571
10 21 1.636397624601142
10 22 -0.6562489920663586
10 23 -1.3124979841327171
10 24 -0.0294323901149951
10 25 -0.0588647802299902
10 26 1.4185842419830506
10 27 2.837168483966101
10 28 0.7738351719803791
10 29 1.5476703439607582
10 30 -0.2801357796301278
10 31 -0.5602715592602556
10 32 -0.5493476554601111
10 33 -1.0986953109202222
10 34 0.685081997646851
10 35 1.370163995293702
10 36 0.7689982786977518
10 37 1.5379965573955037
10 38 1.5378143509106896
10 39 3.0756287018213793
11 -6.072524289778565
11 12 0.8050090855540843
11 13 1.6100181711081687
11 14 3.010656208512795
11 15 6.02131241702559
11 16 -3.15589411113941
11 17 -6.31178822227882
11 18 -3.2215026643573585
11 19 -6.443005328714717
11 20 1.636397624601142
11 21 3.272795249202284
11 22 -1.3124979841327171
11 23 -2.6249959682654342
11 24 -0.0588647802299902
11 25 -0.1177295604599804
11 26 2.837168483966101
11 27 5.674336967932202
11 28 1.5476703439607582
11 29 3.0953406879215164
11 30 -0.5602715592602556
11 31 -1.1205431185205112
11 32 -1.0986953109202222
11 33 -2.1973906218404444
11 34 1.370163995293702
11 35 2.740327990587404
11 36 1.5379965573955037
11 37 3.0759931147910073
11 38 3.0756287018213793
11 39 6.1512574036427585
12 -14.153061416439982
12 13 21.90795429261555
12 14 4.996003610813204e-16
12 15 9.992007221626409e-16
12 16 -2.333623225670053
12 17 -4.667246451340106
12 18 2.2039552564351124
12 19 4.407910512870225
12 20 0.8861894142131483
12 21 1.7723788284262967
12 22 0.659864601324784
12 23 1.319729202649568
12 24 1.2076232058021714
12 25 2.415246411604343
12 26 4.203227836067991
12 27 8.406455672135982
12 28 0.787881728318681
12 29 1.575763456637362
12 30 2.6696457228556656
12 31 5.339291445711331
12 32 -4.171668923588825
12 33 -8.34333784717765
12 34 1.4318143805620607
12 35 2.8636287611241213
12 36 1.6026461532321348
12 37 3.2052923064642695
12 38 0.2545839708803714
12 39 0.5091679417607428
13 -17.35214568657219
13 14 9.992007221626409e-16
13 15 1.9984014443252818e-15
13 16 -4.667246451340106
13 17 -9.334492902680212
13 18 4.407910512870225
13 19 8.81582102574045
13 20 1.7723788284262967
13 21 3.5447576568525934
13 22 1.319729202649568
13 23 2.639458405299136
13 24 2.415246411604343
13 25 4.830492823208686
13 26 8.406455672135982
13 27 16.812911344271964
13 28 1.575763456637362
13 29 3.151526913274724
13 30 5.339291445711331
13 31 10.678582891422662
13 32 -8.34333784717765
13 33 -16.6866756943553
13 34 2.8636287611241213
13 35 5.727257522248243
13 36 3.2052923064642695
13 37 6.410584612928539
13 38 0.5091679417607428
13 39 1.0183358835214855
14 -16.729014121399572
14 15 21.90795429261555
14 16 -2.2039552564351124
14 17 -4.407910512870225
14 18 -2.333623225670053
14 19 -4.667246451340106
14 20 -0.6598646013247839
14 21 -1.3197292026495677
14 22 0.8861894142131486
14 23 1.7723788284262971
14 24 -4.203227836067991
14 25 -8.406455672135982
14 26 1.2076232058021716
14 27 2.4152464116043433
14 28 -2.669645722855665
14 29 -5.33929144571133
14 30 0.7878817283186808
14 31 1.5757634566373615
14 32 -1.4318143805620611
14 33 -2.8636287611241222
14 34 -4.171668923588825
14 35 -8.34333784717765
14 36 -0.2545839708803711
14 37 -0.5091679417607422
14 38 1.602646153232135
14 39 3.20529230646427
15 -22.50405109649137
15 16 -4.407910512870225
15 17 -8.81582102574045
15 18 -4.667246451340106
15 19 -9.334492902680212
15 20 -1.3197292026495677
15 21 -2.6394584052991354
15 22 1.7723788284262971
15 23 3.5447576568525943
15 24 -8.406455672135982
15 25 -16.812911344271964
15 26 2.4152464116043433
15 27 4.830492823208687
15 28 -5.33929144571133
15 29 -10.67858289142266
15 30 1.5757634566373615
15 31 3.151526913274723
15 32 -2.8636287611241222
15 33 -5.7272575222482445
15 34 -8.34333784717765
15 35 -16.6866756943553
15 36 -0.5091679417607422
15 37 -1.0183358835214844
15 38 3.20529230646427
15 39 6.41058461292854
16 10.941981915427483
16 17 7.489418122206786
16 18 1.1102230246251565e-16
16 19 2.220446049250313e-16
16 20 -0.2801781354468099
16 21 -0.5603562708936198
16 22 0.6272675680354174
16 23 1.2545351360708348
16 24 0.6104594595306521
16 25 1.2209189190613041
16 26 -1.4939911672712494
16 27 -2.9879823345424987
16 28 -0.07645759902722765
16 29 -0.1529151980544553
16 30 -1.1612988771952921
16 31 -2.3225977543905842
16 32 0.7340323320384727
16 33 1.4680646640769455
16 34 -1.1842942440648132
16 35 -2.3685884881296264
16 36 -2.3213159981275107
16 37 -4.642631996255021
16 38 -1.275693492245788
16 39 -2.551386984491576
17 25.62867289195836
17 18 2.220446049250313e-16
17 19 4.440892098500626e-16
17 20 -0.5603562708936198
17 21 -1.1207125417872397
17 22 1.2545351360708348
17 23 2.5090702721416696
17 24 1.2209189190613041
17 25 2.4418378381226082
17 26 -2.9879823345424987
17 27 -5.9759646690849975
17 28 -0.1529151980544553
17 29 -0.3058303961089106
17 30 -2.3225977543905842
17 31 -4.6451955087811685
17 32 1.4680646640769455
17 33 2.936129328153891
17 34 -2.3685884881296264
17 35 -4.737176976259253
17 36 -4.642631996255021
17 37 -9.285263992510043
17 38 -2.551386984491576
17 39 -5.102773968983152
18 -0.09127819687444871
18 19 7.489418122206786
18 20 -0.6272675680354172
18 21 -1.2545351360708343
18 22 -0.2801781354468098
18 23 -0.5603562708936196
18 24 1.4939911672712496
18 25 2.987982334542499
18 26 0.6104594595306523
18 27 1.2209189190613046
18 28 1.1612988771952921
18 29 2.3225977543905842
18 30 -0.07645759902722754
18 31 -0.15291519805445508
18 32 1.1842942440648132
18 33 2.3685884881296264
18 34 0.7340323320384726
18 35 1.4680646640769452
18 36 1.2756934922457877
18 37 2.5513869844915753
18 38 -2.3213159981275107
18 39 -4.642631996255021
19 3.5621526673544963
19 20 -1.2545351360708343
19 21 -2.5090702721416687
19 22 -0.5603562708936196
19 23 -1.1207125417872392
19 24 2.987982334542499
19 25 5.975964669084998
19 26 1.2209189190613046
19 27 2.441837838122609
19 28 2.3225977543905842
19 29 4.6451955087811685
19 30 -0.15291519805445508
19 31 -0.30583039610891016
19 32 2.3685884881296264
19 33 4.737176976259253
19 34 1.4680646640769452
19 35 2.9361293281538905
19 36 2.5513869844915753
19 37 5.102773968983151
19 38 -4.642631996255021
19 39 -9.285263992510043
20 28.420914617543794
20 21 16.403766574179244
20 22 4.440892098500626e-16
20 23 8.881784197001252e-16
20 24 -6.561100808613167
20 25 -13.122201617226334
20 26 1.9880375914393
20 27 3.9760751828786
20 28 0.8398330737743971
20 29 1.6796661475487942
20 30 -1.2454198243104218
20 31 -2.4908396486208435
20 32 -2.485511058536516
20 33 -4.971022117073032
20 34 0.8300471032742233
20 35 1.6600942065484465
20 36 -0.9786411290017046
20 37 -1.9572822580034093
20 38 -0.8577736040468282
20 39 -1.7155472080936565
21 65.0437125221772
21 22 8.881784197001252e-16
21 23 1.7763568394002505e-15
21 24 -13.122201617226334
21 25 -26.24440323445267
21 26 3.9760751828786
21 27 7.9521503657572
21 28 1.6796661475487942
21 29 3.3593322950975884
21 30 -2.4908396486208435
21 31 -4.981679297241687
21 32 -4.971022117073032
21 33 -9.942044234146064
21 34 1.6600942065484465
21 35 3.320188413096893
21 36 -1.9572822580034093
21 37 -3.9145645160068185
21 38 -1.7155472080936565
21 39 -3.431094416187313
22 -2.893032980771448
22 23 16.403766574179244
22 24 -1.988037591439301
22 25 -3.976075182878602
22 26 -6.561100808613168
22 27 -13.122201617226336
22 28 1.245419824310422
22 29 2.490839648620844
22 30 0.8398330737743973
22 31 1.6796661475487946
22 32 -0.8300471032742235
22 33 -1.660094206548447
22 34 -2.4855110585365163
22 35 -4.971022117073033
22 36 0.857773604046828
22 37 1.715547208093656
22 38 -0.9786411290017046
22 39 -1.9572822580034093
23 2.415817325546726
23 24 -3.976075182878602
23 25 -7.952150365757204
23 26 -13.122201617226336
23 27 -26.244403234452673
23 28 2.490839648620844
23 29 4.981679297241688
23 30 1.6796661475487946
23 31 3.3593322950975892
23 32 -1.660094206548447
23 33 -3.320188413096894
23 34 -4.971022117073033
23 35 -9.942044234146065
23 36 1.715547208093656
23 37 3.431094416187312
23 38 -1.9572822580034093
23 39 -3.9145645160068185
24 -12.181309304143289
24 25 31.622256418946236
24 26 4.440892098500626e-16
24 27 8.881784197001252e-16
24 28 -2.3492025210994134
24 29 -4.698405042198827
24 30 1.2323898989579
24 31 2.4647797979158
24 32 -0.373201974890342
24 33 -0.746403949780684
24 34 4.131297520199438
24 35 8.262595040398876
24 36 -1.82429396344262
24 37 -3.64858792688524
24 38 3.221701494808554
24 39 6.443402989617108
25 -8.551490398813463
25 26 8.881784197001252e-16
25 27 1.7763568394002505e-15
25 28 -4.698405042198827
25 29 -9.396810084397654
25 30 2.4647797979158
25 31 4.9295595958316
25 32 -0.746403949780684
25 33 -1.492807899561368
25 34 8.262595040398876
25 35 16.525190080797753
25 36 -3.64858792688524
25 37 -7.29717585377048
25 38 6.443402989617108
25 39 12.886805979234216
26 11.904106335079904
26 27 31.622256418946236
26 28 -1.2323898989579007
26 29 -2.4647797979158015
26 30 -2.3492025210994143
26 31 -4.698405042198829
26 32 -4.131297520199437
26 33 -8.262595040398875
26 34 -0.3732019748903421
26 35 -0.7464039497806843
26 36 -3.2217014948085545
26 37 -6.443402989617109
26 38 -1.8242939634426203
26 39 -3.6485879268852406
27 39.61934087963292
27 28 -2.4647797979158015
27 29 -4.929559595831603
27 30 -4.698405042198829
27 31 -9.396810084397657
27 32 -8.262595040398875
27 33 -16.52519008079775
27 34 -0.7464039497806843
27 35 -1.4928078995613685
27 36 -6.443402989617109
27 37 -12.886805979234218
27 38 -3.6485879268852406
27 39 -7.297175853770481
28 7.507829181000533
28 29 11.014674951166167
28 30 5.551115123125783e-16
28 31 1.1102230246251565e-15
28 32 1.376058657382939
28 33 2.752117314765878
28 34 -0.39859135311029104
28 35 -0.7971827062205821
28 36 0.7978761305296761
28 37 1.5957522610593522
28 38 -0.45028560420800434
28 39 -0.9005712084160087
29 20.522995837584148
29 30 1.1102230246251565e-15
29 31 2.220446049250313e-15
29 32 2.752117314765878
29 33 5.504234629531756
29 34 -0.7971827062205821
29 35 -1.5943654124411641
29 36 1.5957522610593522
29 37 3.1915045221187044
29 38 -0.9005712084160087
29 39 -1.8011424168320174
30 -10.923846917943619
30 31 11.014674951166167
30 32 0.3985913531102915
30 33 0.797182706220583
30 34 1.376058657382939
30 35 2.752117314765878
30 36 0.45028560420800445
30 37 0.9005712084160089
30 38 0.7978761305296761
30 39 1.5957522610593522
31 -16.340356360304156
31 32 0.797182706220583
31 33 1.594365412441166
31 34 2.752117314765878
31 35 5.504234629531756
31 36 0.9005712084160089
31 37 1.8011424168320178
31 38 1.5957522610593522
31 39 3.1915045221187044
32 -2.631277131865466
32 33 21.550404451367356
32 34 2.220446049250313e-16
32 35 4.440892098500626e-16
32 36 1.3067292922488214
32 37 2.613458584497643
32 38 -2.092526007862045
32 39 -4.18505201572409
33 5.512647961952744
33 34 4.440892098500626e-16
33 35 8.881784197001252e-16
33 36 2.613458584497643
33 37 5.226917168995286
33 38 -4.18505201572409
33 39 -8.37010403144818
34 2.347069943374226
34 35 21.550404451367356
34 36 2.0925260078620456
34 37 4.185052015724091
34 38 1.3067292922488214
34 39 2.613458584497643
35 15.469342112432129
35 36 4.185052015724091
35 37 8.370104031448182
35 38 2.613458584497643
35 39 5.226917168995286
36 -8.502888296075922
36 37 14.333888104594408
36 38 6.661338147750939e-16
36 39 1.3322676295501878e-15
37 -9.838832539854641
37 38 1.3322676295501878e-15
37 39 2.6645352591003757e-15
38 -13.22659651423427
38 39 14.333888104594408
39 -19.286248976171336
