40
1100111011000101001101001111110110110001
0 14.167105392506052
0 1 16.7201238219138
0 2 5.828670879282072e-16
0 3 1.1657341758564144e-15
0 4 -1.4029000480971296
0 5 -2.8058000961942593
0 6 0.4596038478520299
0 7 0.9192076957040598
0 8 -1.0428817784116917
0 9 -2.0857635568233834
0 10 2.2956975794369128
0 11 4.5913951588738255
0 12 -3.2304044117982937
0 13 -6.4608088235965875
0 14 1.7062655642328837
0 15 3.4125311284657673
0 16 0.46115588653665857
0 17 0.9223117730733171
0 18 -0.2109888786851004
0 19 -0.4219777573702008
0 20 0.9109129366232955
0 21 1.821825873246591
0 22 -1.447337594803419
0 23 -2.894675189606838
0 24 -1.701494024164377
0 25 -3.402988048328754
0 26 0.4815222450389453
0 27 0.9630444900778906
0 28 0.14820146153053387
0 29 0.29640292306106775
0 30 0.11141384300909074
0 31 0.22282768601818148
0 32 -1.81832071435396
0 33 -3.63664142870792
0 34 0.15067367147207106
0 35 0.3013473429441421
0 36 0.28370144956294796
0 37 0.5674028991258959
0 38 -0.0054715136768705985
0 39 -0.010943027353741197
1 36.694272695969005
1 2 1.1657341758564144e-15
1 3 2.3314683517128287e-15
1 4 -2.8058000961942593
1 5 -5.611600192388519
1 6 0.9192076957040598
1 7 1.8384153914081196
1 8 -2.0857635568233834
1 9 -4.171527113646767
1 10 4.5913951588738255
1 11 9.182790317747651
1 12 -6.4608088235965875
1 13 -12.921617647193175
1 14 3.4125311284657673
1 15 6.825062256931535
1 16 0.9223117730733171
1 17 1.8446235461466343
1 18 -0.4219777573702008
1 19 -0.8439555147404016
1 20 1.821825873246591
1 21 3.643651746493182
1 22 -2.894675189606838
1 23 -5.789350379213676
1 24 -3.402988048328754
1 25 -6.805976096657508
1 26 0.9630444900778906
1 27 1.9260889801557812
1 28 0.29640292306106775
1 29 0.5928058461221355
1 30 0.22282768601818148
1 31 0.44565537203636296
1 32 -3.63664142870792
1 33 -7.27328285741584
1 34 0.3013473429441421
1 35 0.6026946858882842
1 36 0.5674028991258959
1 37 1.1348057982517918
1 38 -0.010943027353741197
1 39 -0.021886054707482394
2 6.290109620128215
2 3 16.7201238219138
2 4 -0.4596038478520297
2 5 -0.9192076957040594
2 6 -1.4029000480971296
2 7 -2.8058000961942593
2 8 -2.2956975794369128
2 9 -4.5913951588738255
2 10 -1.042881778411692
2 11 -2.085763556823384
2 12 -1.7062655642328841
2 13 -3.4125311284657682
2 14 -3.230404411798294
2 15 -6.460808823596588
2 16 0.2109888786851002
2 17 0.4219777573702004
2 18 0.46115588653665845
2 19 0.9223117730733169
2 20 1.4473375948034193
2 21 2.8946751896068386
2 22 0.9109129366232954
2 23 1.8218258732465908
2 24 -0.48152224503894536
2 25 -0.9630444900778907
2 26 -1.701494024164377
2 27 -3.402988048328754
2 28 -0.11141384300909074
2 29 -0.22282768601818148
2 30 0.14820146153053432
2 31 0.29640292306106863
2 32 -0.1506736714720715
2 33 -0.301347342944143
2 34 -1.81832071435396
2 35 -3.63664142870792
2 36 0.0054715136768704875
2 37 0.010943027353740975
2 38 0.2837014495629483
2 39 0.5674028991258966
3 20.940281151213327
3 4 -0.9192076957040594
3 5 -1.8384153914081187
3 6 -2.8058000961942593
3 7 -5.611600192388519
3 8 -4.5913951588738255
3 9 -9.182790317747651
3 10 -2.085763556823384
3 11 -4.171527113646768
3 12 -3.4125311284657682
3 13 -6.8250622569315365
3 14 -6.460808823596588
3 15 -12.921617647193177
3 16 0.4219777573702004
3 17 0.8439555147404008
3 18 0.9223117730733169
3 19 1.8446235461466338
3 20 2.8946751896068386
3 21 5.789350379213677
3 22 1.8218258732465908
3 23 3.6436517464931817
3 24 -0.9630444900778907
3 25 -1.9260889801557814
3 26 -3.402988048328754
3 27 -6.805976096657508
3 28 -0.22282768601818148
3 29 -0.44565537203636296
3 30 0.29640292306106863
3 31 0.5928058461221373
3 32 -0.301347342944143
3 33 -0.602694685888286
3 34 -3.63664142870792
3 35 -7.27328285741584
3 36 0.010943027353740975
3 37 0.02188605470748195
3 38 0.5674028991258966
3 39 1.1348057982517932
4 -4.85387544501773
4 5 12.343197861784962
4 6 6.661338147750939e-16
4 7 1.3322676295501878e-15
4 8 -0.6383622793684773
4 9 -1.2767245587369547
4 10 -1.1379700906128287
4 11 -2.2759401812256574
4 12 1.252702766501111
4 13 2.505405533002222
4 14 -1.3212888143091932
4 15 -2.6425776286183864
4 16 -3.2295177172111966
4 17 -6.459035434422393
4 18 -0.12286504790624786
4 19 -0.24573009581249572
4 20 0.6751943565773963
4 21 1.3503887131547927
4 22 -1.7680018254185597
4 23 -3.5360036508371193
4 24 1.11320371939886
4 25 2.22640743879772
4 26 -2.9559055730011803
4 27 -5.911811146002361
4 28 2.5340094137428
4 29 5.0680188274856
4 30 1.4714175585002212
4 31 2.9428351170004423
4 32 0.19031510872860924
4 33 0.3806302174572185
4 34 1.3082944168309316
4 35 2.6165888336618632
4 36 -0.683422518420475
4 37 -1.36684503684095
4 38 -0.08217649796749127
4 39 -0.16435299593498254
5 -3.5361519591429786
5 6 1.3322676295501878e-15
5 7 2.6645352591003757e-15
5 8 -1.2767245587369547
5 9 -2.5534491174739093
5 10 -2.2759401812256574
5 11 -4.551880362451315
5 12 2.505405533002222
5 13 5.010811066004444
5 14 -2.6425776286183864
5 15 -5.285155257236773
5 16 -6.459035434422393
5 17 -12.918070868844787
5 18 -0.24573009581249572
5 19 -0.49146019162499144
5 20 1.3503887131547927
5 21 2.7007774263095854
5 22 -3.5360036508371193
5 23 -7.072007301674239
5 24 2.22640743879772
5 25 4.45281487759544
5 26 -5.911811146002361
5 27 -11.823622292004721
5 28 5.0680188274856
5 29 10.1360376549712
5 30 2.9428351170004423
5 31 5.885670234000885
5 32 0.3806302174572185
5 33 0.761260434914437
5 34 2.6165888336618632
5 35 5.2331776673237265
5 36 -1.36684503684095
5 37 -2.7336900736819
5 38 -0.16435299593498254
5 39 -0.3287059918699651
6 -0.35416085600691627
6 7 12.343197861784963
6 8 1.1379700906128287
6 9 2.2759401812256574
6 10 -0.6383622793684771
6 11 -1.2767245587369542
6 12 1.3212888143091934
6 13 2.642577628618387
6 14 1.2527027665011108
6 15 2.5054055330022216
6 16 0.12286504790624742
6 17 0.24573009581249483
6 18 -3.2295177172111966
6 19 -6.459035434422393
6 20 1.7680018254185597
6 21 3.5360036508371193
6 22 0.6751943565773963
6 23 1.3503887131547927
6 24 2.9559055730011803
6 25 5.911811146002361
6 26 1.1132037193988595
6 27 2.226407438797719
6 28 -1.471417558500221
6 29 -2.942835117000442
6 30 2.5340094137428006
6 31 5.068018827485601
6 32 -1.3082944168309318
6 33 -2.6165888336618637
6 34 0.19031510872860924
6 35 0.3806302174572185
6 36 0.08217649796749124
6 37 0.16435299593498248
6 38 -0.6834225184204752
6 39 -1.3668450368409504
7 5.463277218878648
7 8 2.2759401812256574
7 9 4.551880362451315
7 10 -1.2767245587369542
7 11 -2.5534491174739085
7 12 2.642577628618387
7 13 5.285155257236774
7 14 2.5054055330022216
7 15 5.010811066004443
7 16 0.24573009581249483
7 17 0.49146019162498966
7 18 -6.459035434422393
7 19 -12.918070868844787
7 20 3.5360036508371193
7 21 7.072007301674239
7 22 1.3503887131547927
7 23 2.7007774263095854
7 24 5.911811146002361
7 25 11.823622292004721
7 26 2.226407438797719
7 27 4.452814877595438
7 28 -2.942835117000442
7 29 -5.885670234000884
7 30 5.068018827485601
7 31 10.136037654971203
7 32 -2.6165888336618637
7 33 -5.233177667323727
7 34 0.3806302174572185
7 35 0.761260434914437
7 36 0.16435299593498248
7 37 0.32870599186996496
7 38 -1.3668450368409504
7 39 -2.7336900736819008
8 -1.265150925039999
8 9 14.835025840261586
8 10 6.661338147750939e-16
8 11 1.3322676295501878e-15
8 12 1.243079079382663
8 13 2.486158158765326
8 14 0.33272831621072274
8 15 0.6654566324214455
8 16 0.4098285280967621
8 17 0.8196570561935242
8 18 1.6098629098673993
8 19 3.2197258197347987
8 20 -1.1792314798112133
8 21 -2.3584629596224267
8 22 -0.34841791953279977
8 23 -0.6968358390655995
8 24 0.17348252212530302
8 25 0.34696504425060604
8 26 0.43567553291511396
8 27 0.8713510658302279
8 28 0.582156521893794
8 29 1.164313043787588
8 30 1.894393626491068
8 31 3.788787252982136
8 32 0.48374307190492066
8 33 0.9674861438098413
8 34 1.1178691495420843
8 35 2.2357382990841685
8 36 0.4194750408868514
8 37 0.8389500817737028
8 38 -1.1409153943456065
8 39 -2.281830788691213
9 4.887211070050796
9 10 1.3322676295501878e-15
9 11 2.6645352591003757e-15
9 12 2.486158158765326
9 13 4.972316317530652
9 14 0.6654566324214455
9 15 1.330913264842891
9 16 0.8196570561935242
9 17 1.6393141123870485
9 18 3.2197258197347987
9 19 6.439451639469597
9 20 -2.3584629596224267
9 21 -4.716925919244853
9 22 -0.6968358390655995
9 23 -1.393671678131199
9 24 0.34696504425060604
9 25 0.6939300885012121
9 26 0.8713510658302279
9 27 1.7427021316604558
9 28 1.164313043787588
9 29 2.328626087575176
9 30 3.788787252982136
9 31 7.577574505964272
9 32 0.9674861438098413
9 33 1.9349722876196827
9 34 2.2357382990841685
9 35 4.471476598168337
9 36 0.8389500817737028
9 37 1.6779001635474056
9 38 -2.281830788691213
9 39 -4.563661577382426
10 5.3549650167496905
10 11 14.835025840261586
10 12 -0.3327283162107227
10 13 -0.6654566324214454
10 14 1.2430790793826634
10 15 2.4861581587653268
10 16 -1.6098629098673993
10 17 -3.2197258197347987
10 18 0.40982852809676207
10 19 0.8196570561935241
10 20 0.34841791953279955
10 21 0.6968358390655991
10 22 -1.1792314798112133
10 23 -2.3584629596224267
10 24 -0.4356755329151142
10 25 -0.8713510658302284
10 26 0.17348252212530269
10 27 0.34696504425060537
10 28 -1.8943936264910675
10 29 -3.788787252982135
10 30 0.5821565218937941
10 31 1.1643130437875882
10 32 -1.1178691495420843
10 33 -2.2357382990841685
10 34 0.4837430719049208
10 35 0.9674861438098415
10 36 1.1409153943456065
10 37 2.281830788691213
10 38 0.4194750408868515
10 39 0.838950081773703
11 18.127442953630172
11 12 -0.6654566324214454
11 13 -1.3309132648428907
11 14 2.4861581587653268
11 15 4.9723163175306535
11 16 -3.2197258197347987
11 17 -6.439451639469597
11 18 0.8196570561935241
11 19 1.6393141123870483
11 20 0.6968358390655991
11 21 1.3936716781311982
11 22 -2.3584629596224267
11 23 -4.716925919244853
11 24 -0.8713510658302284
11 25 -1.7427021316604567
11 26 0.34696504425060537
11 27 0.6939300885012107
11 28 -3.788787252982135
11 29 -7.57757450596427
11 30 1.1643130437875882
11 31 2.3286260875751763
11 32 -2.2357382990841685
11 33 -4.471476598168337
11 34 0.9674861438098415
11 35 1.934972287619683
11 36 2.281830788691213
11 37 4.563661577382426
11 38 0.838950081773703
11 39 1.677900163547406
12 -10.599101274431632
12 13 17.457061879750146
12 14 7.494005416219807e-16
12 15 1.4988010832439613e-15
12 16 -2.2177276720584826
12 17 -4.435455344116965
12 18 -0.0750261309055461
12 19 -0.1500522618110922
12 20 -0.7495432513540039
12 21 -1.4990865027080078
12 22 -0.5352765551758389
12 23 -1.0705531103516779
12 24 4.5757026460831245
12 25 9.151405292166249
12 26 -1.036386453669418
12 27 -2.072772907338836
12 28 -1.4001226565213942
12 29 -2.8002453130427885
12 30 0.4385631871145843
12 31 0.8771263742291686
12 32 1.9466549859372617
12 33 3.8933099718745234
12 34 1.4524647649603528
12 35 2.9049295299207056
12 36 -2.2505740230953326
12 37 -4.501148046190665
12 38 0.0568775042101996
12 39 0.1137550084203992
13 -12.46967160898819
13 14 1.4988010832439613e-15
13 15 2.9976021664879227e-15
13 16 -4.435455344116965
13 17 -8.87091068823393
13 18 -0.1500522618110922
13 19 -0.3001045236221844
13 20 -1.4990865027080078
13 21 -2.9981730054160156
13 22 -1.0705531103516779
13 23 -2.1411062207033558
13 24 9.151405292166249
13 25 18.302810584332498
13 26 -2.072772907338836
13 27 -4.145545814677672
13 28 -2.8002453130427885
13 29 -5.600490626085577
13 30 0.8771263742291686
13 31 1.7542527484583372
13 32 3.8933099718745234
13 33 7.786619943749047
13 34 2.9049295299207056
13 35 5.809859059841411
13 36 -4.501148046190665
13 37 -9.00229609238133
13 38 0.1137550084203992
13 39 0.2275100168407984
14 4.557889136545462
14 15 17.457061879750146
14 16 0.07502613090554555
14 17 0.1500522618110911
14 18 -2.217727672058482
14 19 -4.435455344116964
14 20 0.5352765551758389
14 21 1.0705531103516779
14 22 -0.7495432513540038
14 23 -1.4990865027080076
14 24 1.0363864536694183
14 25 2.0727729073388366
14 26 4.5757026460831245
14 27 9.151405292166249
14 28 -0.4385631871145843
14 29 -0.8771263742291686
14 30 -1.4001226565213944
14 31 -2.800245313042789
14 32 -1.4524647649603526
14 33 -2.904929529920705
14 34 1.9466549859372615
14 35 3.893309971874523
14 36 -0.05687750421019988
14 37 -0.11375500842039976
14 38 -2.250574023095333
14 39 -4.501148046190666
15 17.844309212965996
15 16 0.1500522618110911
15 17 0.3001045236221822
15 18 -4.435455344116964
15 19 -8.870910688233929
15 20 1.0705531103516779
15 21 2.1411062207033558
15 22 -1.4990865027080076
15 23 -2.998173005416015
15 24 2.0727729073388366
15 25 4.145545814677673
15 26 9.151405292166249
15 27 18.302810584332498
15 28 -0.8771263742291686
15 29 -1.7542527484583372
15 30 -2.800245313042789
15 31 -5.600490626085578
15 32 -2.904929529920705
15 33 -5.80985905984141
15 34 3.893309971874523
15 35 7.786619943749046
15 36 -0.11375500842039976
15 37 -0.22751001684079952
15 38 -4.501148046190666
15 39 -9.002296092381332
16 5.797654993179886
16 17 11.922776977722233
16 18 2.220446049250313e-16
16 19 4.440892098500626e-16
16 20 0.4317956430130507
16 21 0.8635912860261014
16 22 1.913878699462507
16 23 3.827757398925014
16 24 -0.5173504853815905
16 25 -1.034700970763181
16 26 3.4217313530249056
16 27 6.843462706049811
16 28 -1.5202156063838306
16 29 -3.040431212767661
16 30 -1.558499961593352
16 31 -3.116999923186704
16 32 -0.6554755768416516
16 33 -1.3109511536833032
16 34 -0.8323191557405191
16 35 -1.6646383114810381
16 36 -0.8915737787797751
16 37 -1.7831475575595501
16 38 -0.9494969640520248
16 39 -1.8989939281040495
17 17.55669847522089
17 18 4.440892098500626e-16
17 19 8.881784197001252e-16
17 20 0.8635912860261014
17 21 1.7271825720522027
17 22 3.827757398925014
17 23 7.655514797850028
17 24 -1.034700970763181
17 25 -2.069401941526362
17 26 6.843462706049811
17 27 13.686925412099622
17 28 -3.040431212767661
17 29 -6.080862425535322
17 30 -3.116999923186704
17 31 -6.233999846373408
17 32 -1.3109511536833032
17 33 -2.6219023073666063
17 34 -1.6646383114810381
17 35 -3.3292766229620763
17 36 -1.7831475575595501
17 37 -3.5662951151191002
17 38 -1.8989939281040495
17 39 -3.797987856208099
18 -1.1395179261798751
18 19 11.922776977722233
18 20 -1.9138786994625074
18 21 -3.827757398925015
18 22 0.4317956430130508
18 23 0.8635912860261016
18 24 -3.4217313530249056
18 25 -6.843462706049811
18 26 -0.5173504853815905
18 27 -1.034700970763181
18 28 1.558499961593352
18 29 3.116999923186704
18 30 -1.5202156063838306
18 31 -3.040431212767661
18 32 0.8323191557405191
18 33 1.6646383114810381
18 34 -0.6554755768416516
18 35 -1.3109511536833032
18 36 0.9494969640520247
18 37 1.8989939281040493
18 38 -0.8915737787797748
18 39 -1.7831475575595497
19 3.6823526365013652
19 20 -3.827757398925015
19 21 -7.65551479785003
19 22 0.8635912860261016
19 23 1.7271825720522032
19 24 -6.843462706049811
19 25 -13.686925412099622
19 26 -1.034700970763181
19 27 -2.069401941526362
19 28 3.116999923186704
19 29 6.233999846373408
19 30 -3.040431212767661
19 31 -6.080862425535322
19 32 1.6646383114810381
19 33 3.3292766229620763
19 34 -1.3109511536833032
19 35 -2.6219023073666063
19 36 1.8989939281040493
19 37 3.7979878562080986
19 38 -1.7831475575595497
19 39 -3.5662951151190994
20 7.764380881158005
20 21 9.123282325578707
20 22 2.220446049250313e-16
20 23 4.440892098500626e-16
20 24 1.476020560179478
20 25 2.952041120358956
20 26 0.913645847060487
20 27 1.827291694120974
20 28 -1.3743857646843205
20 29 -2.748771529368641
20 30 0.5521173636711919
20 31 1.1042347273423838
20 32 -0.9688618447989545
20 33 -1.937723689597909
20 34 -0.5545963893856749
20 35 -1.1091927787713498
20 36 -1.065023628685227
20 37 -2.130047257370454
20 38 -2.2145716845592807
20 39 -4.429143369118561
21 20.090402925105366
21 22 4.440892098500626e-16
21 23 8.881784197001252e-16
21 24 2.952041120358956
21 25 5.904082240717912
21 26 1.827291694120974
21 27 3.654583388241948
21 28 -2.748771529368641
21 29 -5.497543058737282
21 30 1.1042347273423838
21 31 2.2084694546847676
21 32 -1.937723689597909
21 33 -3.875447379195818
21 34 -1.1091927787713498
21 35 -2.2183855575426996
21 36 -2.130047257370454
21 37 -4.260094514740908
21 38 -4.429143369118561
21 39 -8.858286738237123
22 -3.135656913882497
22 23 9.123282325578707
22 24 -0.9136458470604872
22 25 -1.8272916941209745
22 26 1.476020560179478
22 27 2.952041120358956
22 28 -0.5521173636711919
22 29 -1.1042347273423838
22 30 -1.3743857646843205
22 31 -2.748771529368641
22 32 0.5545963893856748
22 33 1.1091927787713496
22 34 -0.9688618447989543
22 35 -1.9377236895979086
22 36 2.2145716845592807
22 37 4.429143369118561
22 38 -1.065023628685227
22 39 -2.130047257370454
23 -1.7096726649756402
23 24 -1.8272916941209745
23 25 -3.654583388241949
23 26 2.952041120358956
23 27 5.904082240717912
23 28 -1.1042347273423838
23 29 -2.2084694546847676
23 30 -2.748771529368641
23 31 -5.497543058737282
23 32 1.1091927787713496
23 33 2.218385557542699
23 34 -1.9377236895979086
23 35 -3.8754473791958173
23 36 4.429143369118561
23 37 8.858286738237123
23 38 -2.130047257370454
23 39 -4.260094514740908
24 -7.967267056044955
24 25 13.870478947298263
24 26 1.1102230246251565e-16
24 27 2.220446049250313e-16
24 28 -1.8951242612657018
24 29 -3.7902485225314035
24 30 2.069729245810107
24 31 4.139458491620214
24 32 1.3610441632989878
24 33 2.7220883265979756
24 34 1.4031497099925696
24 35 2.806299419985139
24 36 -3.0680016822688607
24 37 -6.136003364537721
24 38 -0.4004647693577539
24 39 -0.8009295387155078
25 -8.999294638440778
25 26 2.220446049250313e-16
25 27 4.440892098500626e-16
25 28 -3.7902485225314035
25 29 -7.580497045062807
25 30 4.139458491620214
25 31 8.278916983240428
25 32 2.7220883265979756
25 33 5.444176653195951
25 34 2.806299419985139
25 35 5.612598839970278
25 36 -6.136003364537721
25 37 -12.272006729075443
25 38 -0.8009295387155078
25 39 -1.6018590774310155
26 4.832280721054882
26 27 13.870478947298263
26 28 -2.069729245810107
26 29 -4.139458491620214
26 30 -1.895124261265702
26 31 -3.790248522531404
26 32 -1.4031497099925694
26 33 -2.8062994199851388
26 34 1.3610441632989876
26 35 2.722088326597975
26 36 0.40046476935775355
26 37 0.8009295387155071
26 38 -3.0680016822688607
26 39 -6.136003364537721
27 16.599800915758895
27 28 -4.139458491620214
27 29 -8.278916983240428
27 30 -3.790248522531404
27 31 -7.580497045062808
27 32 -2.8062994199851388
27 33 -5.6125988399702775
27 34 2.722088326597975
27 35 5.44417665319595
27 36 0.8009295387155071
27 37 1.6018590774310142
27 38 -6.136003364537721
27 39 -12.272006729075443
28 -1.1035939281682001
28 29 11.960223375662824
28 30 1.1102230246251565e-16
28 31 2.220446049250313e-16
28 32 0.7163365223796511
28 33 1.4326730447593021
28 34 0.13757132665455946
28 35 0.2751426533091189
28 36 2.070537510462491
28 37 4.141075020924982
28 38 -0.646785403005668
28 39 -1.293570806011336
29 3.772923831495012
29 30 2.220446049250313e-16
29 31 4.440892098500626e-16
29 32 1.4326730447593021
29 33 2.8653460895186043
29 34 0.2751426533091189
29 35 0.5502853066182378
29 36 4.141075020924982
29 37 8.282150041849963
29 38 -1.293570806011336
29 39 -2.587141612022672
30 -6.63394741288304
30 31 11.960223375662824
30 32 -0.1375713266545594
30 33 -0.2751426533091188
30 34 0.716336522379651
30 35 1.432673044759302
30 36 0.6467854030056684
30 37 1.293570806011337
30 38 2.070537510462491
30 39 4.141075020924982
31 -7.287783137934667
31 32 -0.2751426533091188
31 33 -0.5502853066182376
31 34 1.432673044759302
31 35 2.865346089518604
31 36 1.293570806011337
31 37 2.587141612022674
31 38 4.141075020924982
31 39 8.282150041849963
32 -7.2784204183952195
32 33 8.844098738899795
32 34 2.220446049250313e-16
32 35 4.440892098500626e-16
32 36 1.3595592494145254
32 37 2.719118498829051
32 38 -0.6024478710770377
32 39 -1.2048957421540754
33 -10.134791467340543
33 34 4.440892098500626e-16
33 35 8.881784197001252e-16
33 36 2.719118498829051
33 37 5.438236997658102
33 38 -1.2048957421540754
33 39 -2.4097914843081507
34 -10.011609169169805
34 35 8.844098738899794
34 36 0.602447871077038
34 37 1.204895742154076
34 38 1.3595592494145257
34 39 2.7191184988290513
35 -15.601168968889715
35 36 1.204895742154076
35 37 2.409791484308152
35 38 2.7191184988290513
35 39 5.438236997658103
36 -5.383651771854652
36 37 13.381523884791825
36 38 4.440892098500626e-16
36 39 8.881784197001252e-16
37 -4.076541601313389
37 38 8.881784197001252e-16
37 39 1.7763568394002505e-15
38 -1.4788602172348528
38 39 13.381523884791825
39 3.733041507926208
