40
1100111011000101001101001111110110110001
0 -7.489409359485306
0 1 11.043482113719417
0 2 0.0
0 3 0.0
0 4 1.2716124476157444
0 5 2.543224895231489
0 6 -0.5284591525689755
0 7 -1.056918305137951
0 8 -1.486720329498452
0 9 -2.973440658996904
0 10 -3.0501181186752317
0 11 -6.1002362373504635
0 12 -0.9521005661246058
0 13 -1.9042011322492116
0 14 -1.0841244971863662
0 15 -2.1682489943727323
0 16 0.48763810915943684
0 17 0.9752762183188737
0 18 0.016709957571329148
0 19 0.033419915142658296
0 20 -1.9413017756487434
0 21 -3.882603551297487
0 22 1.1277013056878917
0 23 2.2554026113757835
0 24 1.605014050336927
0 25 3.210028100673854
0 26 -1.5916399991577477
0 27 -3.1832799983154954
0 28 2.682572912646076
0 29 5.365145825292152
0 30 -0.029214444083569158
0 31 -0.058428888167138315
0 32 2.453923156285732
0 33 4.907846312571464
0 34 1.697434562138859
0 35 3.394869124277718
0 36 0.031234009440060384
0 37 0.06246801888012077
0 38 0.21353637548443322
0 39 0.42707275096886643
1 -9.457077662110903
1 2 0.0
1 3 0.0
1 4 2.543224895231489
1 5 5.086449790462978
1 6 -1.056918305137951
1 7 -2.113836610275902
1 8 -2.973440658996904
1 9 -5.946881317993808
1 10 -6.1002362373504635
1 11 -12.200472474700927
1 12 -1.9042011322492116
1 13 -3.8084022644984232
1 14 -2.1682489943727323
1 15 -4.336497988745465
1 16 0.9752762183188737
1 17 1.9505524366377474
1 18 0.033419915142658296
1 19 0.06683983028531659
1 20 -3.882603551297487
1 21 -7.765207102594974
1 22 2.2554026113757835
1 23 4.510805222751567
1 24 3.210028100673854
1 25 6.420056201347708
1 26 -3.1832799983154954
1 27 -6.366559996630991
1 28 5.365145825292152
1 29 10.730291650584304
1 30 -0.058428888167138315
1 31 -0.11685777633427663
1 32 4.907846312571464
1 33 9.815692625142928
1 34 3.394869124277718
1 35 6.789738248555436
1 36 0.06246801888012077
1 37 0.12493603776024154
1 38 0.42707275096886643
1 39 0.8541455019377329
2 -4.795849671704698
2 3 11.043482113719417
2 4 0.5284591525689756
2 5 1.0569183051379512
2 6 1.2716124476157444
2 7 2.543224895231489
2 8 3.0501181186752317
2 9 6.1002362373504635
2 10 -1.486720329498452
2 11 -2.973440658996904
2 12 1.0841244971863662
2 13 2.1682489943727323
2 14 -0.9521005661246058
2 15 -1.9042011322492116
2 16 -0.016709957571329148
2 17 -0.033419915142658296
2 18 0.48763810915943684
2 19 0.9752762183188737
2 20 -1.127701305687892
2 21 -2.255402611375784
2 22 -1.9413017756487434
2 23 -3.882603551297487
2 24 1.591639999157748
2 25 3.183279998315496
2 26 1.6050140503369268
2 27 3.2100281006738536
2 28 0.02921444408356938
2 29 0.05842888816713876
2 30 2.682572912646076
2 31 5.365145825292152
2 32 -1.697434562138859
2 33 -3.394869124277718
2 34 2.453923156285732
2 35 4.907846312571464
2 36 -0.21353637548443322
2 37 -0.42707275096886643
2 38 0.031234009440060162
2 39 0.062468018880120324
3 -4.069958286549687
3 4 1.0569183051379512
3 5 2.1138366102759023
3 6 2.543224895231489
3 7 5.086449790462978
3 8 6.1002362373504635
3 9 12.200472474700927
3 10 -2.973440658996904
3 11 -5.946881317993808
3 12 2.1682489943727323
3 13 4.336497988745465
3 14 -1.9042011322492116
3 15 -3.8084022644984232
3 16 -0.033419915142658296
3 17 -0.06683983028531659
3 18 0.9752762183188737
3 19 1.9505524366377474
3 20 -2.255402611375784
3 21 -4.510805222751568
3 22 -3.882603551297487
3 23 -7.765207102594974
3 24 3.183279998315496
3 25 6.366559996630992
3 26 3.2100281006738536
3 27 6.420056201347707
3 28 0.05842888816713876
3 29 0.11685777633427752
3 30 5.365145825292152
3 31 10.730291650584304
3 32 -3.394869124277718
3 33 -6.789738248555436
3 34 4.907846312571464
3 35 9.815692625142928
3 36 -0.42707275096886643
3 37 -0.8541455019377329
3 38 0.062468018880120324
3 39 0.12493603776024065
4 -24.968214885033934
4 5 14.196835642814655
4 6 4.440892098500626e-16
4 7 8.881784197001252e-16
4 8 -3.1145464638425358
4 9 -6.2290929276850715
4 10 1.8505103723243803
4 11 3.7010207446487606
4 12 -1.6762198471037264
4 13 -3.352439694207453
4 14 -0.5081932478733779
4 15 -1.0163864957467559
4 16 2.392338514019921
4 17 4.784677028039842
4 18 3.128316827175217
4 19 6.256633654350434
4 20 1.1834957161170374
4 21 2.366991432234075
4 22 -0.6669643302501149
4 23 -1.3339286605002298
4 24 0.34857765400258767
4 25 0.6971553080051753
4 26 -2.1012887612294042
4 27 -4.2025775224588084
4 28 1.4727226008053709
4 29 2.9454452016107417
4 30 2.743856637058865
4 31 5.48771327411773
4 32 -1.11192449952055
4 33 -2.2238489990411
4 34 -2.558790500944931
4 35 -5.117581001889862
4 36 2.489867065177703
4 37 4.979734130355406
4 38 -2.824905049962869
4 39 -5.649810099925738
5 -42.838011948660544
5 6 8.881784197001252e-16
5 7 1.7763568394002505e-15
5 8 -6.2290929276850715
5 9 -12.458185855370143
5 10 3.7010207446487606
5 11 7.402041489297521
5 12 -3.352439694207453
5 13 -6.704879388414906
5 14 -1.0163864957467559
5 15 -2.0327729914935118
5 16 4.784677028039842
5 17 9.569354056079684
5 18 6.256633654350434
5 19 12.513267308700868
5 20 2.366991432234075
5 21 4.73398286446815
5 22 -1.3339286605002298
5 23 -2.6678573210004597
5 24 0.6971553080051753
5 25 1.3943106160103507
5 26 -4.2025775224588084
5 27 -8.405155044917617
5 28 2.9454452016107417
5 29 5.8908904032214835
5 30 5.48771327411773
5 31 10.97542654823546
5 32 -2.2238489990411
5 33 -4.4476979980822
5 34 -5.117581001889862
5 35 -10.235162003779724
5 36 4.979734130355406
5 37 9.959468260710812
5 38 -5.649810099925738
5 39 -11.299620199851477
6 -20.93327404893674
6 7 14.196835642814655
6 8 -1.8505103723243805
6 9 -3.701020744648761
6 10 -3.1145464638425358
6 11 -6.2290929276850715
6 12 0.5081932478733779
6 13 1.0163864957467559
6 14 -1.6762198471037268
6 15 -3.3524396942074537
6 16 -3.128316827175217
6 17 -6.256633654350434
6 18 2.392338514019921
6 19 4.784677028039842
6 20 0.6669643302501147
6 21 1.3339286605002294
6 22 1.1834957161170376
6 23 2.3669914322340753
6 24 2.1012887612294042
6 25 4.2025775224588084
6 26 0.34857765400258744
6 27 0.6971553080051749
6 28 -2.743856637058865
6 29 -5.48771327411773
6 30 1.4727226008053707
6 31 2.9454452016107413
6 32 2.558790500944931
6 33 5.117581001889862
6 34 -1.11192449952055
6 35 -2.2238489990411
6 36 2.824905049962869
6 37 5.649810099925738
6 38 2.4898670651777035
6 39 4.979734130355407
7 -34.76813027646616
7 8 -3.701020744648761
7 9 -7.402041489297522
7 10 -6.2290929276850715
7 11 -12.458185855370143
7 12 1.0163864957467559
7 13 2.0327729914935118
7 14 -3.3524396942074537
7 15 -6.704879388414907
7 16 -6.256633654350434
7 17 -12.513267308700868
7 18 4.784677028039842
7 19 9.569354056079684
7 20 1.3339286605002294
7 21 2.667857321000459
7 22 2.3669914322340753
7 23 4.7339828644681505
7 24 4.2025775224588084
7 25 8.405155044917617
7 26 0.6971553080051749
7 27 1.3943106160103498
7 28 -5.48771327411773
7 29 -10.97542654823546
7 30 2.9454452016107413
7 31 5.890890403221483
7 32 5.117581001889862
7 33 10.235162003779724
7 34 -2.2238489990411
7 35 -4.4476979980822
7 36 5.649810099925738
7 37 11.299620199851477
7 38 4.979734130355407
7 39 9.959468260710814
8 18.40493235119937
8 9 19.763409464483704
8 10 0.0
8 11 0.0
8 12 0.34968537303594954
8 13 0.6993707460718991
8 14 1.34815286798847
8 15 2.69630573597694
8 16 0.10595481115854022
8 17 0.21190962231708044
8 18 -0.12596671086511674
8 19 -0.2519334217302335
8 20 -1.2498345333935426
8 21 -2.499669066787085
8 22 -0.653609680970241
8 23 -1.307219361940482
8 24 -1.2434297608563927
8 25 -2.4868595217127853
8 26 2.851642981706641
8 27 5.703285963413282
8 28 -1.5775580598531684
8 29 -3.155116119706337
8 30 0.9103468485151008
8 31 1.8206936970302017
8 32 -3.7467185057662693
8 33 -7.493437011532539
8 34 2.8175647938237116
8 35 5.635129587647423
8 36 -2.518971809563102
8 37 -5.037943619126204
8 38 1.1477913330322735
8 39 2.295582666064547
9 46.6915694346406
9 10 0.0
9 11 0.0
9 12 0.6993707460718991
9 13 1.3987414921437982
9 14 2.69630573597694
9 15 5.39261147195388
9 16 0.21190962231708044
9 17 0.4238192446341609
9 18 -0.2519334217302335
9 19 -0.503866843460467
9 20 -2.499669066787085
9 21 -4.99933813357417
9 22 -1.307219361940482
9 23 -2.614438723880964
9 24 -2.4868595217127853
9 25 -4.973719043425571
9 26 5.703285963413282
9 27 11.406571926826564
9 28 -3.155116119706337
9 29 -6.310232239412674
9 30 1.8206936970302017
9 31 3.6413873940604033
9 32 -7.493437011532539
9 33 -14.986874023065077
9 34 5.635129587647423
9 35 11.270259175294846
9 36 -5.037943619126204
9 37 -10.075887238252408
9 38 2.295582666064547
9 39 4.591165332129094
10 20.546897007491317
10 11 19.7634094644837
10 12 -1.3481528679884698
10 13 -2.6963057359769396
10 14 0.34968537303594976
10 15 0.6993707460718995
10 16 0.125966710865117
10 17 0.251933421730234
10 18 0.10595481115854055
10 19 0.2119096223170811
10 20 0.653609680970241
10 21 1.307219361940482
10 22 -1.2498345333935432
10 23 -2.4996690667870864
10 24 -2.851642981706641
10 25 -5.703285963413282
10 26 -1.2434297608563925
10 27 -2.486859521712785
10 28 -0.9103468485151006
10 29 -1.8206936970302012
10 30 -1.5775580598531684
10 31 -3.155116119706337
10 32 -2.817564793823712
10 33 -5.635129587647424
10 34 -3.746718505766269
10 35 -7.493437011532538
10 36 -1.147791333032274
10 37 -2.295582666064548
10 38 -2.518971809563102
10 39 -5.037943619126204
11 50.97549874722449
11 12 -2.6963057359769396
11 13 -5.392611471953879
11 14 0.6993707460718995
11 15 1.398741492143799
11 16 0.251933421730234
11 17 0.503866843460468
11 18 0.2119096223170811
11 19 0.4238192446341622
11 20 1.307219361940482
11 21 2.614438723880964
11 22 -2.4996690667870864
11 23 -4.999338133574173
11 24 -5.703285963413282
11 25 -11.406571926826564
11 26 -2.486859521712785
11 27 -4.97371904342557
11 28 -1.8206936970302012
11 29 -3.6413873940604025
11 30 -3.155116119706337
11 31 -6.310232239412674
11 32 -5.635129587647424
11 33 -11.270259175294848
11 34 -7.493437011532538
11 35 -14.986874023065075
11 36 -2.295582666064548
11 37 -4.591165332129096
11 38 -5.037943619126204
11 39 -10.075887238252408
12 3.2779151571341316
12 13 7.936587497616081
12 14 1.6653345369377348e-16
12 15 3.3306690738754696e-16
12 16 -0.735371221976129
12 17 -1.470742443952258
12 18 -1.0432173027549254
12 19 -2.086434605509851
12 20 -1.23159320326769
12 21 -2.46318640653538
12 22 -4.012232637823207
12 23 -8.024465275646413
12 24 1.5905743448742296
12 25 3.181148689748459
12 26 1.163987364752891
12 27 2.327974729505782
12 28 -0.6679408155710838
12 29 -1.3358816311421675
12 30 1.7812579380864566
12 31 3.562515876172913
12 32 1.9209969343590885
12 33 3.841993868718177
12 34 2.698490260882593
12 35 5.396980521765186
12 36 0.3538243649038856
12 37 0.7076487298077712
12 38 0.8018575178525975
12 39 1.603715035705195
13 10.524124063076304
13 14 3.3306690738754696e-16
13 15 6.661338147750939e-16
13 16 -1.470742443952258
13 17 -2.941484887904516
13 18 -2.086434605509851
13 19 -4.172869211019702
13 20 -2.46318640653538
13 21 -4.92637281307076
13 22 -8.024465275646413
13 23 -16.048930551292827
13 24 3.181148689748459
13 25 6.362297379496918
13 26 2.327974729505782
13 27 4.655949459011564
13 28 -1.3358816311421675
13 29 -2.671763262284335
13 30 3.562515876172913
13 31 7.125031752345826
13 32 3.841993868718177
13 33 7.683987737436354
13 34 5.396980521765186
13 35 10.793961043530372
13 36 0.7076487298077712
13 37 1.4152974596155423
13 38 1.603715035705195
13 39 3.20743007141039
14 8.927087974438267
14 15 7.936587497616081
14 16 1.0432173027549254
14 17 2.086434605509851
14 18 -0.7353712219761293
14 19 -1.4707424439522585
14 20 4.012232637823207
14 21 8.024465275646413
14 22 -1.2315932032676897
14 23 -2.4631864065353795
14 24 -1.1639873647528909
14 25 -2.3279747295057818
14 26 1.5905743448742296
14 27 3.181148689748459
14 28 -1.7812579380864568
14 29 -3.5625158761729137
14 30 -0.6679408155710838
14 31 -1.3358816311421675
14 32 -2.6984902608825934
14 33 -5.396980521765187
14 34 1.920996934359089
14 35 3.841993868718178
14 36 -0.8018575178525977
14 37 -1.6037150357051955
14 38 0.35382436490388536
14 39 0.7076487298077707
15 21.822469697684575
15 16 2.086434605509851
15 17 4.172869211019702
15 18 -1.4707424439522585
15 19 -2.941484887904517
15 20 8.024465275646413
15 21 16.048930551292827
15 22 -2.4631864065353795
15 23 -4.926372813070759
15 24 -2.3279747295057818
15 25 -4.6559494590115635
15 26 3.181148689748459
15 27 6.362297379496918
15 28 -3.5625158761729137
15 29 -7.125031752345827
15 30 -1.3358816311421675
15 31 -2.671763262284335
15 32 -5.396980521765187
15 33 -10.793961043530373
15 34 3.841993868718178
15 35 7.683987737436356
15 36 -1.6037150357051955
15 37 -3.207430071410391
15 38 0.7076487298077707
15 39 1.4152974596155414
16 -3.8372223238778904
16 17 11.01530638388406
16 18 2.220446049250313e-16
16 19 4.440892098500626e-16
16 20 -1.2896378900242365
16 21 -2.579275780048473
16 22 -0.7672431723400633
16 23 -1.5344863446801267
16 24 -0.7850021174506754
16 25 -1.5700042349013508
16 26 -1.094337259778663
16 27 -2.188674519557326
16 28 2.2358429241304734
16 29 4.471685848260947
16 30 1.1387173738401897
16 31 2.2774347476803793
16 32 -1.2061085444374067
16 33 -2.4122170888748133
16 34 -0.24647312789624898
16 35 -0.49294625579249796
16 36 -1.037412799150427
16 37 -2.074825598300854
16 38 -1.8983638629795467
16 39 -3.7967277259590935
17 -2.166791455813751
17 18 4.440892098500626e-16
17 19 8.881784197001252e-16
17 20 -2.579275780048473
17 21 -5.158551560096946
17 22 -1.5344863446801267
17 23 -3.0689726893602534
17 24 -1.5700042349013508
17 25 -3.1400084698027015
17 26 -2.188674519557326
17 27 -4.377349039114652
17 28 4.471685848260947
17 29 8.943371696521893
17 30 2.2774347476803793
17 31 4.554869495360759
17 32 -2.4122170888748133
17 33 -4.824434177749627
17 34 -0.49294625579249796
17 35 -0.9858925115849959
17 36 -2.074825598300854
17 37 -4.149651196601708
17 38 -3.7967277259590935
17 39 -7.593455451918187
18 -22.94561150266935
18 19 11.01530638388406
18 20 0.7672431723400632
18 21 1.5344863446801265
18 22 -1.289637890024236
18 23 -2.579275780048472
18 24 1.0943372597786634
18 25 2.1886745195573267
18 26 -0.7850021174506754
18 27 -1.5700042349013508
18 28 -1.1387173738401895
18 29 -2.277434747680379
18 30 2.2358429241304734
18 31 4.471685848260947
18 32 0.24647312789624898
18 33 0.49294625579249796
18 34 -1.2061085444374067
18 35 -2.4122170888748133
18 36 1.8983638629795467
18 37 3.7967277259590935
18 38 -1.0374127991504272
18 39 -2.0748255983008543
19 -40.383569813396676
19 20 1.5344863446801265
19 21 3.068972689360253
19 22 -2.579275780048472
19 23 -5.158551560096944
19 24 2.1886745195573267
19 25 4.3773490391146535
19 26 -1.5700042349013508
19 27 -3.1400084698027015
19 28 -2.277434747680379
19 29 -4.554869495360758
19 30 4.471685848260947
19 31 8.943371696521893
19 32 0.49294625579249796
19 33 0.9858925115849959
19 34 -2.4122170888748133
19 35 -4.824434177749627
19 36 3.7967277259590935
19 37 7.593455451918187
19 38 -2.0748255983008543
19 39 -4.149651196601709
20 18.9244194773889
20 21 23.80516874110317
20 22 8.257283745649602e-16
20 23 1.6514567491299204e-15
20 24 -2.3067443773500473
20 25 -4.613488754700095
20 26 2.085754851615506
20 27 4.171509703231012
20 28 -0.4371621422892281
20 29 -0.8743242845784562
20 30 0.08673637672908718
20 31 0.17347275345817437
20 32 -4.162854557700092
20 33 -8.325709115400183
20 34 -0.41341114049613914
20 35 -0.8268222809922783
20 36 0.43379392831904795
20 37 0.8675878566380959
20 38 -4.135625735609318
20 39 -8.271251471218635
21 49.751423325329384
21 22 1.6514567491299204e-15
21 23 3.3029134982598407e-15
21 24 -4.613488754700095
21 25 -9.22697750940019
21 26 4.171509703231012
21 27 8.343019406462023
21 28 -0.8743242845784562
21 29 -1.7486485691569125
21 30 0.17347275345817437
21 31 0.34694550691634873
21 32 -8.325709115400183
21 33 -16.651418230800367
21 34 -0.8268222809922783
21 35 -1.6536445619845566
21 36 0.8675878566380959
21 37 1.7351757132761918
21 38 -8.271251471218635
21 39 -16.54250294243727
22 -1.1032725195180202
22 23 23.80516874110317
22 24 -2.085754851615506
22 25 -4.171509703231012
22 26 -2.3067443773500473
22 27 -4.613488754700095
22 28 -0.0867363767290873
22 29 -0.1734727534581746
22 30 -0.4371621422892281
22 31 -0.8743242845784562
22 32 0.4134111404961387
22 33 0.8268222809922774
22 34 -4.162854557700092
22 35 -8.325709115400183
22 36 4.135625735609318
22 37 8.271251471218635
22 38 0.4337939283190475
22 39 0.867587856638095
23 9.696039331515545
23 24 -4.171509703231012
23 25 -8.343019406462023
23 26 -4.613488754700095
23 27 -9.22697750940019
23 28 -0.1734727534581746
23 29 -0.3469455069163492
23 30 -0.8743242845784562
23 31 -1.7486485691569125
23 32 0.8268222809922774
23 33 1.6536445619845548
23 34 -8.325709115400183
23 35 -16.651418230800367
23 36 8.271251471218635
23 37 16.54250294243727
23 38 0.867587856638095
23 39 1.73517571327619
24 -15.352389543193476
24 25 8.45417487755599
24 26 1.6653345369377348e-16
24 27 3.3306690738754696e-16
24 28 -0.8321741316763916
24 29 -1.6643482633527833
24 30 0.7247521635310004
24 31 1.4495043270620007
24 32 3.0028334370012644
24 33 6.005666874002529
24 34 1.7925472079474316
24 35 3.585094415894863
24 36 1.679590192509981
24 37 3.359180385019962
24 38 0.9246286536929786
24 39 1.8492573073859573
25 -26.477691647608957
25 26 3.3306690738754696e-16
25 27 6.661338147750939e-16
25 28 -1.6643482633527833
25 29 -3.3286965267055666
25 30 1.4495043270620007
25 31 2.8990086541240014
25 32 6.005666874002529
25 33 12.011333748005057
25 34 3.585094415894863
25 35 7.170188831789726
25 36 3.359180385019962
25 37 6.718360770039924
25 38 1.8492573073859573
25 39 3.6985146147719146
26 9.385940714585528
26 27 8.45417487755599
26 28 -0.7247521635310005
26 29 -1.449504327062001
26 30 -0.8321741316763918
26 31 -1.6643482633527835
26 32 -1.7925472079474314
26 33 -3.5850944158948628
26 34 3.0028334370012644
26 35 6.005666874002529
26 36 -0.9246286536929783
26 37 -1.8492573073859566
26 38 1.6795901925099808
26 39 3.3591803850199615
27 22.998968867949053
27 28 -1.449504327062001
27 29 -2.899008654124002
27 30 -1.6643482633527835
27 31 -3.328696526705567
27 32 -3.5850944158948628
27 33 -7.1701888317897255
27 34 6.005666874002529
27 35 12.011333748005057
27 36 -1.8492573073859566
27 37 -3.6985146147719132
27 38 3.3591803850199615
27 39 6.718360770039923
28 15.031380410686369
28 29 14.767347869867605
28 30 5.204170427930421e-16
28 31 1.0408340855860843e-15
28 32 0.3600445692327132
28 33 0.7200891384654264
28 34 -0.9094891822036264
28 35 -1.8189783644072528
28 36 -2.2768092964217583
28 37 -4.553618592843517
28 38 -4.139624621087502
28 39 -8.279249242175004
29 37.446434756306545
29 30 1.0408340855860843e-15
29 31 2.0816681711721685e-15
29 32 0.7200891384654264
29 33 1.4401782769308529
29 34 -1.8189783644072528
29 35 -3.6379567288145056
29 36 -4.553618592843517
29 37 -9.107237185687033
29 38 -8.279249242175004
29 39 -16.558498484350007
30 -22.992946275761177
30 31 14.767347869867605
30 32 0.9094891822036265
30 33 1.818978364407253
30 34 0.36004456923271333
30 35 0.7200891384654267
30 36 4.139624621087501
30 37 8.279249242175002
30 38 -2.2768092964217588
30 39 -4.5536185928435176
31 -38.60221861658855
31 32 1.818978364407253
31 33 3.637956728814506
31 34 0.7200891384654267
31 35 1.4401782769308533
31 36 8.279249242175002
31 37 16.558498484350004
31 38 -4.5536185928435176
31 39 -9.107237185687035
32 -14.79609525280085
32 33 14.91323575299549
32 34 2.220446049250313e-16
32 35 4.440892098500626e-16
32 36 3.7319011256397667
32 37 7.4638022512795335
32 38 1.2800618579202936
32 39 2.560123715840587
33 -22.135572629103955
33 34 4.440892098500626e-16
33 35 8.881784197001252e-16
33 36 7.4638022512795335
33 37 14.927604502559067
33 38 2.560123715840587
33 39 5.120247431681174
34 3.939258071037544
34 35 14.91323575299549
34 36 -1.2800618579202934
34 37 -2.5601237158405867
34 38 3.7319011256397667
34 39 7.4638022512795335
35 15.335134018572832
35 36 -2.5601237158405867
35 37 -5.1202474316811735
35 38 7.4638022512795335
35 39 14.927604502559067
36 -37.62236627075486
36 37 24.640917850838303
36 38 8.326672684688674e-16
36 39 1.6653345369377348e-15
37 -62.924273616090574
37 38 1.6653345369377348e-15
37 39 3.3306690738754696e-15
38 -17.197445914664346
38 39 24.640917850838303
39 -22.074432903909535
