40
1100111011000101001101001111110110110001
0 8.135887211001975
0 1 12.94511287395662
0 2 2.220446049250313e-16
0 3 4.440892098500626e-16
0 4 -1.3185979036551854
0 5 -2.6371958073103707
0 6 1.4177541429055016
0 7 2.8355082858110032
0 8 -0.88056874881179
0 9 -1.76113749762358
0 10 2.150076959682116
0 11 4.300153919364232
0 12 0.6099494712427366
0 13 1.2198989424854731
0 14 -0.8999104098825458
0 15 -1.7998208197650916
0 16 -0.7112079922232379
0 17 -1.4224159844464759
0 18 -1.3502756584729148
0 19 -2.7005513169458295
0 20 3.1652886334518504
0 21 6.330577266903701
0 22 1.0777081150209518
0 23 2.1554162300419035
0 24 -1.6370181221913855
0 25 -3.274036244382771
0 26 0.3417980538199146
0 27 0.6835961076398293
0 28 2.3481157747560597
0 29 4.696231549512119
0 30 2.240014921157442
0 31 4.480029842314884
0 32 1.6328902479496707
0 33 3.2657804958993415
0 34 0.7249219254084367
0 35 1.4498438508168734
0 36 -2.418379677199209
0 37 -4.836759354398418
0 38 -0.843439133152566
0 39 -1.686878266305132
1 22.74433085898226
1 2 4.440892098500626e-16
1 3 8.881784197001252e-16
1 4 -2.6371958073103707
1 5 -5.2743916146207415
1 6 2.8355082858110032
1 7 5.6710165716220065
1 8 -1.76113749762358
1 9 -3.52227499524716
1 10 4.300153919364232
1 11 8.600307838728463
1 12 1.2198989424854731
1 13 2.4397978849709463
1 14 -1.7998208197650916
1 15 -3.599641639530183
1 16 -1.4224159844464759
1 17 -2.8448319688929518
1 18 -2.7005513169458295
1 19 -5.401102633891659
1 20 6.330577266903701
1 21 12.661154533807402
1 22 2.1554162300419035
1 23 4.310832460083807
1 24 -3.274036244382771
1 25 -6.548072488765542
1 26 0.6835961076398293
1 27 1.3671922152796585
1 28 4.696231549512119
1 29 9.392463099024239
1 30 4.480029842314884
1 31 8.960059684629767
1 32 3.2657804958993415
1 33 6.531560991798683
1 34 1.4498438508168734
1 35 2.899687701633747
1 36 -4.836759354398418
1 37 -9.673518708796836
1 38 -1.686878266305132
1 39 -3.373756532610264
2 4.252246267627308
2 3 12.94511287395662
2 4 -1.417754142905502
2 5 -2.835508285811004
2 6 -1.3185979036551854
2 7 -2.6371958073103707
2 8 -2.150076959682116
2 9 -4.300153919364232
2 10 -0.8805687488117899
2 11 -1.7611374976235799
2 12 0.8999104098825459
2 13 1.7998208197650918
2 14 0.6099494712427369
2 15 1.2198989424854738
2 16 1.350275658472915
2 17 2.70055131694583
2 18 -0.7112079922232379
2 19 -1.4224159844464759
2 20 -1.0777081150209513
2 21 -2.1554162300419026
2 22 3.16528863345185
2 23 6.3305772669037
2 24 -0.341798053819915
2 25 -0.68359610763983
2 26 -1.6370181221913855
2 27 -3.274036244382771
2 28 -2.2400149211574414
2 29 -4.480029842314883
2 30 2.3481157747560597
2 31 4.696231549512119
2 32 -0.7249219254084365
2 33 -1.449843850816873
2 34 1.6328902479496707
2 35 3.2657804958993415
2 36 0.8434391331525654
2 37 1.6868782663051307
2 38 -2.418379677199208
2 39 -4.836759354398416
3 14.977048972232925
3 4 -2.835508285811004
3 5 -5.671016571622008
3 6 -2.6371958073103707
3 7 -5.2743916146207415
3 8 -4.300153919364232
3 9 -8.600307838728463
3 10 -1.7611374976235799
3 11 -3.5222749952471597
3 12 1.7998208197650918
3 13 3.5996416395301836
3 14 1.2198989424854738
3 15 2.4397978849709476
3 16 2.70055131694583
3 17 5.40110263389166
3 18 -1.4224159844464759
3 19 -2.8448319688929518
3 20 -2.1554162300419026
3 21 -4.310832460083805
3 22 6.3305772669037
3 23 12.6611545338074
3 24 -0.68359610763983
3 25 -1.36719221527966
3 26 -3.274036244382771
3 27 -6.548072488765542
3 28 -4.480029842314883
3 29 -8.960059684629766
3 30 4.696231549512119
3 31 9.392463099024239
3 32 -1.449843850816873
3 33 -2.899687701633746
3 34 3.2657804958993415
3 35 6.531560991798683
3 36 1.6868782663051307
3 37 3.3737565326102614
3 38 -4.836759354398416
3 39 -9.673518708796832
4 -35.430377987914724
4 5 13.26499327223922
4 6 3.885780586188048e-16
4 7 7.771561172376096e-16
4 8 -0.4964105415385821
4 9 -0.9928210830771642
4 10 -1.2030885852178907
4 11 -2.4061771704357815
4 12 2.2724328874901514
4 13 4.544865774980303
4 14 -1.0073777747625767
4 15 -2.0147555495251535
4 16 -2.466674700596995
4 17 -4.93334940119399
4 18 2.079268950475473
4 19 4.158537900950946
4 20 1.5520291281838159
4 21 3.1040582563676318
4 22 0.4423867086429677
4 23 0.8847734172859354
4 24 2.838774299981724
4 25 5.677548599963448
4 26 0.399978562142684
4 27 0.799957124285368
4 28 0.6562265650051898
4 29 1.3124531300103797
4 30 -1.9149818165198234
4 31 -3.8299636330396467
4 32 -0.27248200286983093
4 33 -0.5449640057396619
4 34 -0.5699370192372404
4 35 -1.1398740384744808
4 36 -1.8253918522330332
4 37 -3.6507837044660665
4 38 5.497478830458292
4 39 10.994957660916585
5 -64.22825933970984
5 6 7.771561172376096e-16
5 7 1.5543122344752192e-15
5 8 -0.9928210830771642
5 9 -1.9856421661543284
5 10 -2.4061771704357815
5 11 -4.812354340871563
5 12 4.544865774980303
5 13 9.089731549960606
5 14 -2.0147555495251535
5 15 -4.029511099050307
5 16 -4.93334940119399
5 17 -9.86669880238798
5 18 4.158537900950946
5 19 8.317075801901892
5 20 3.1040582563676318
5 21 6.2081165127352635
5 22 0.8847734172859354
5 23 1.7695468345718708
5 24 5.677548599963448
5 25 11.355097199926895
5 26 0.799957124285368
5 27 1.599914248570736
5 28 1.3124531300103797
5 29 2.6249062600207593
5 30 -3.8299636330396467
5 31 -7.659927266079293
5 32 -0.5449640057396619
5 33 -1.0899280114793237
5 34 -1.1398740384744808
5 35 -2.2797480769489615
5 36 -3.6507837044660665
5 37 -7.301567408932133
5 38 10.994957660916585
5 39 21.98991532183317
6 6.601517136048802
6 7 13.26499327223922
6 8 1.2030885852178905
6 9 2.406177170435781
6 10 -0.49641054153858233
6 11 -0.9928210830771647
6 12 1.0073777747625767
6 13 2.0147555495251535
6 14 2.272432887490152
6 15 4.544865774980304
6 16 -2.0792689504754733
6 17 -4.158537900950947
6 18 -2.466674700596995
6 19 -4.93334940119399
6 20 -0.4423867086429678
6 21 -0.8847734172859356
6 22 1.552029128183816
6 23 3.104058256367632
6 24 -0.3999785621426836
6 25 -0.7999571242853672
6 26 2.838774299981724
6 27 5.677548599963448
6 28 1.9149818165198234
6 29 3.8299636330396467
6 30 0.6562265650051899
6 31 1.3124531300103799
6 32 0.5699370192372404
6 33 1.1398740384744808
6 34 -0.27248200286983093
6 35 -0.5449640057396619
6 36 -5.497478830458293
6 37 -10.994957660916587
6 38 -1.8253918522330335
6 39 -3.650783704466067
7 19.835530908217216
7 8 2.406177170435781
7 9 4.812354340871562
7 10 -0.9928210830771647
7 11 -1.9856421661543293
7 12 2.0147555495251535
7 13 4.029511099050307
7 14 4.544865774980304
7 15 9.089731549960607
7 16 -4.158537900950947
7 17 -8.317075801901893
7 18 -4.93334940119399
7 19 -9.86669880238798
7 20 -0.8847734172859356
7 21 -1.7695468345718712
7 22 3.104058256367632
7 23 6.208116512735264
7 24 -0.7999571242853672
7 25 -1.5999142485707345
7 26 5.677548599963448
7 27 11.355097199926895
7 28 3.8299636330396467
7 29 7.659927266079293
7 30 1.3124531300103799
7 31 2.6249062600207598
7 32 1.1398740384744808
7 33 2.2797480769489615
7 34 -0.5449640057396619
7 35 -1.0899280114793237
7 36 -10.994957660916587
7 37 -21.989915321833173
7 38 -3.650783704466067
7 39 -7.301567408932134
8 17.46601433721359
8 9 11.94668061280226
8 10 2.7755575615628914e-16
8 11 5.551115123125783e-16
8 12 -1.7289871880395868
8 13 -3.4579743760791737
8 14 -0.7338815761033644
8 15 -1.4677631522067287
8 16 -0.34254923506681334
8 17 -0.6850984701336267
8 18 -1.0036564941944526
8 19 -2.007312988388905
8 20 0.11062684270154771
8 21 0.22125368540309542
8 22 -3.419590000796413
8 23 -6.839180001592826
8 24 -1.3566855160129576
8 25 -2.7133710320259152
8 26 1.3911572563974421
8 27 2.7823145127948843
8 28 -0.12831364775983678
8 29 -0.25662729551967356
8 30 -1.2266271980471333
8 31 -2.4532543960942665
8 32 1.8295322122790205
8 33 3.659064424558041
8 34 -1.8720124068964206
8 35 -3.744024813792841
8 36 4.401187729126081
8 37 8.802375458252161
8 38 -1.211547568098139
8 39 -2.423095136196278
9 40.90536898082831
9 10 5.551115123125783e-16
9 11 1.1102230246251565e-15
9 12 -3.4579743760791737
9 13 -6.915948752158347
9 14 -1.4677631522067287
9 15 -2.9355263044134574
9 16 -0.6850984701336267
9 17 -1.3701969402672534
9 18 -2.007312988388905
9 19 -4.01462597677781
9 20 0.22125368540309542
9 21 0.44250737080619085
9 22 -6.839180001592826
9 23 -13.678360003185652
9 24 -2.7133710320259152
9 25 -5.4267420640518305
9 26 2.7823145127948843
9 27 5.564629025589769
9 28 -0.25662729551967356
9 29 -0.5132545910393471
9 30 -2.4532543960942665
9 31 -4.906508792188533
9 32 3.659064424558041
9 33 7.318128849116082
9 34 -3.744024813792841
9 35 -7.488049627585682
9 36 8.802375458252161
9 37 17.604750916504322
9 38 -2.423095136196278
9 39 -4.846190272392556
10 -11.358465340435945
10 11 11.94668061280226
10 12 0.7338815761033641
10 13 1.4677631522067283
10 14 -1.7289871880395868
10 15 -3.4579743760791737
10 16 1.0036564941944528
10 17 2.0073129883889056
10 18 -0.3425492350668131
10 19 -0.6850984701336262
10 20 3.419590000796413
10 21 6.839180001592826
10 22 0.1106268427015479
10 23 0.2212536854030958
10 24 -1.3911572563974424
10 25 -2.7823145127948847
10 26 -1.3566855160129576
10 27 -2.7133710320259152
10 28 1.226627198047133
10 29 2.453254396094266
10 30 -0.12831364775983678
10 31 -0.25662729551967356
10 32 1.8720124068964208
10 33 3.7440248137928416
10 34 1.8295322122790205
10 35 3.659064424558041
10 36 1.2115475680981396
10 37 2.423095136196279
10 38 4.401187729126081
10 39 8.802375458252161
11 -16.74359037447076
11 12 1.4677631522067283
11 13 2.9355263044134565
11 14 -3.4579743760791737
11 15 -6.915948752158347
11 16 2.0073129883889056
11 17 4.014625976777811
11 18 -0.6850984701336262
11 19 -1.3701969402672525
11 20 6.839180001592826
11 21 13.678360003185652
11 22 0.2212536854030958
11 23 0.4425073708061916
11 24 -2.7823145127948847
11 25 -5.5646290255897695
11 26 -2.7133710320259152
11 27 -5.4267420640518305
11 28 2.453254396094266
11 29 4.906508792188532
11 30 -0.25662729551967356
11 31 -0.5132545910393471
11 32 3.7440248137928416
11 33 7.488049627585683
11 34 3.659064424558041
11 35 7.318128849116082
11 36 2.423095136196279
11 37 4.846190272392558
11 38 8.802375458252161
11 39 17.604750916504322
12 -42.46129654068156
12 13 23.594458827961724
12 14 5.551115123125783e-16
12 15 1.1102230246251565e-15
12 16 -0.6729869402008647
12 17 -1.3459738804017294
12 18 2.296780159977882
12 19 4.593560319955764
12 20 2.6425335200544113
12 21 5.285067040108823
12 22 2.162717884870847
12 23 4.325435769741694
12 24 2.133193379411823
12 25 4.266386758823646
12 26 2.498213035683981
12 27 4.996426071367962
12 28 -0.7818109455566004
12 29 -1.5636218911132007
12 30 -3.066916735290583
12 31 -6.133833470581166
12 32 1.243374885598986
12 33 2.486749771197972
12 34 0.9202371159994857
12 35 1.8404742319989713
12 36 -3.2492665918457133
12 37 -6.498533183691427
12 38 5.015843766477228
12 39 10.031687532954455
13 -73.12536366738225
13 14 1.1102230246251565e-15
13 15 2.220446049250313e-15
13 16 -1.3459738804017294
13 17 -2.6919477608034588
13 18 4.593560319955764
13 19 9.187120639911528
13 20 5.285067040108823
13 21 10.570134080217645
13 22 4.325435769741694
13 23 8.650871539483388
13 24 4.266386758823646
13 25 8.532773517647293
13 26 4.996426071367962
13 27 9.992852142735924
13 28 -1.5636218911132007
13 29 -3.1272437822264014
13 30 -6.133833470581166
13 31 -12.267666941162332
13 32 2.486749771197972
13 33 4.973499542395944
13 34 1.8404742319989713
13 35 3.6809484639979426
13 36 -6.498533183691427
13 37 -12.997066367382853
13 38 10.031687532954455
13 39 20.06337506590891
14 2.481225515410869
14 15 23.594458827961724
14 16 -2.2967801599778825
14 17 -4.593560319955765
14 18 -0.6729869402008648
14 19 -1.3459738804017296
14 20 -2.1627178848708466
14 21 -4.325435769741693
14 22 2.6425335200544113
14 23 5.285067040108823
14 24 -2.498213035683981
14 25 -4.996426071367962
14 26 2.1331933794118227
14 27 4.2663867588236455
14 28 3.066916735290583
14 29 6.133833470581166
14 30 -0.7818109455566002
14 31 -1.5636218911132005
14 32 -0.9202371159994855
14 33 -1.840474231998971
14 34 1.2433748855989857
14 35 2.4867497711979714
14 36 -5.015843766477229
14 37 -10.031687532954457
14 38 -3.2492665918457138
14 39 -6.4985331836914275
15 16.7596804448026
15 16 -4.593560319955765
15 17 -9.18712063991153
15 18 -1.3459738804017296
15 19 -2.691947760803459
15 20 -4.325435769741693
15 21 -8.650871539483386
15 22 5.285067040108823
15 23 10.570134080217645
15 24 -4.996426071367962
15 25 -9.992852142735924
15 26 4.2663867588236455
15 27 8.532773517647291
15 28 6.133833470581166
15 29 12.267666941162332
15 30 -1.5636218911132005
15 31 -3.127243782226401
15 32 -1.840474231998971
15 33 -3.680948463997942
15 34 2.4867497711979714
15 35 4.973499542395943
15 36 -10.031687532954457
15 37 -20.063375065908915
15 38 -6.4985331836914275
15 39 -12.997066367382855
16 -8.66428959194193
16 17 20.260445647289785
16 18 8.881784197001252e-16
16 19 1.7763568394002505e-15
16 20 0.2594516968807712
16 21 0.5189033937615424
16 22 3.150766321873583
16 23 6.301532643747166
16 24 -0.6406610987669883
16 25 -1.2813221975339766
16 26 -2.2554008033901365
16 27 -4.510801606780273
16 28 -4.66335270417181
16 29 -9.32670540834362
16 30 0.2919356880383128
16 31 0.5838713760766256
16 32 1.1483659105006156
16 33 2.2967318210012313
16 34 -0.6331270832316926
16 35 -1.2662541664633853
16 36 1.4952251904583584
16 37 2.990450380916717
16 38 1.2588161506366045
16 39 2.517632301273209
17 -7.198356360238968
17 18 1.7763568394002505e-15
17 19 3.552713678800501e-15
17 20 0.5189033937615424
17 21 1.0378067875230848
17 22 6.301532643747166
17 23 12.603065287494331
17 24 -1.2813221975339766
17 25 -2.562644395067953
17 26 -4.510801606780273
17 27 -9.021603213560546
17 28 -9.32670540834362
17 29 -18.65341081668724
17 30 0.5838713760766256
17 31 1.1677427521532513
17 32 2.2967318210012313
17 33 4.593463642002463
17 34 -1.2662541664633853
17 35 -2.5325083329267706
17 36 2.990450380916717
17 37 5.980900761833434
17 38 2.517632301273209
17 39 5.035264602546418
18 -32.85008646809123
18 19 20.260445647289785
18 20 -3.150766321873583
18 21 -6.301532643747166
18 22 0.2594516968807712
18 23 0.5189033937615424
18 24 2.2554008033901365
18 25 4.510801606780273
18 26 -0.6406610987669884
18 27 -1.2813221975339768
18 28 -0.29193568803831305
18 29 -0.5838713760766261
18 30 -4.663352704171811
18 31 -9.326705408343622
18 32 0.6331270832316926
18 33 1.2662541664633853
18 34 1.1483659105006159
18 35 2.2967318210012317
18 36 -1.2588161506366042
18 37 -2.5176323012732085
18 38 1.4952251904583589
18 39 2.9904503809167178
19 -55.569950112537555
19 20 -6.301532643747166
19 21 -12.603065287494331
19 22 0.5189033937615424
19 23 1.0378067875230848
19 24 4.510801606780273
19 25 9.021603213560546
19 26 -1.2813221975339768
19 27 -2.5626443950679536
19 28 -0.5838713760766261
19 29 -1.1677427521532522
19 30 -9.326705408343622
19 31 -18.653410816687245
19 32 1.2662541664633853
19 33 2.5325083329267706
19 34 2.2967318210012317
19 35 4.5934636420024635
19 36 -2.5176323012732085
19 37 -5.035264602546417
19 38 2.9904503809167178
19 39 5.9809007618334356
20 -2.5627383237011223
20 21 19.511660290805327
20 22 5.689893001203927e-16
20 23 1.1379786002407855e-15
20 24 -1.3717186160637853
20 25 -2.7434372321275706
20 26 -0.3845692002663799
20 27 -0.7691384005327598
20 28 0.5608153448506625
20 29 1.121630689701325
20 30 -0.7712034744453791
20 31 -1.5424069488907581
20 32 -0.014065207277095593
20 33 -0.028130414554191185
20 34 -0.5866093082941001
20 35 -1.1732186165882001
20 36 0.06957426091832286
20 37 0.13914852183664572
20 38 4.9195778768326495
20 39 9.839155753665299
21 4.630353498000419
21 22 1.1379786002407855e-15
21 23 2.275957200481571e-15
21 24 -2.7434372321275706
21 25 -5.486874464255141
21 26 -0.7691384005327598
21 27 -1.5382768010655197
21 28 1.121630689701325
21 29 2.24326137940265
21 30 -1.5424069488907581
21 31 -3.0848138977815163
21 32 -0.028130414554191185
21 33 -0.05626082910838237
21 34 -1.1732186165882001
21 35 -2.3464372331764003
21 36 0.13914852183664572
21 37 0.27829704367329144
21 38 9.839155753665299
21 39 19.678311507330598
22 -32.424612291941685
22 23 19.511660290805327
22 24 0.3845692002663799
22 25 0.7691384005327598
22 26 -1.3717186160637855
22 27 -2.743437232127571
22 28 0.7712034744453793
22 29 1.5424069488907586
22 30 0.5608153448506626
22 31 1.1216306897013253
22 32 0.5866093082941001
22 33 1.1732186165882001
22 34 -0.014065207277095704
22 35 -0.028130414554191407
22 36 -4.9195778768326495
22 37 -9.839155753665299
22 38 0.0695742609183228
22 39 0.1391485218366456
23 -55.093394438480715
23 24 0.7691384005327598
23 25 1.5382768010655197
23 26 -2.743437232127571
23 27 -5.486874464255142
23 28 1.5424069488907586
23 29 3.084813897781517
23 30 1.1216306897013253
23 31 2.2432613794026506
23 32 1.1732186165882001
23 33 2.3464372331764003
23 34 -0.028130414554191407
23 35 -0.056260829108382815
23 36 -9.839155753665299
23 37 -19.678311507330598
23 38 0.1391485218366456
23 39 0.2782970436732912
24 -17.885784091448123
24 25 13.864220858540836
24 26 3.3306690738754696e-16
24 27 6.661338147750939e-16
24 28 -0.11381417805563443
24 29 -0.22762835611126886
24 30 -1.3199683366720898
24 31 -2.6399366733441796
24 32 0.3600081735536853
24 33 0.7200163471073706
24 34 1.7695593332593185
24 35 3.539118666518637
24 36 -0.5008620660135232
24 37 -1.0017241320270465
24 38 -0.38720256784524487
24 39 -0.7744051356904897
25 -28.839457753625826
25 26 6.661338147750939e-16
25 27 1.3322676295501878e-15
25 28 -0.22762835611126886
25 29 -0.4552567122225377
25 30 -2.6399366733441796
25 31 -5.279873346688359
25 32 0.7200163471073706
25 33 1.4400326942147412
25 34 3.539118666518637
25 35 7.078237333037274
25 36 -1.0017241320270465
25 37 -2.003448264054093
25 38 -0.7744051356904897
25 39 -1.5488102713809795
26 1.4035083006929883
26 27 13.864220858540836
26 28 1.3199683366720898
26 29 2.6399366733441796
26 30 -0.1138141780556346
26 31 -0.2276283561112692
26 32 -1.7695593332593185
26 33 -3.539118666518637
26 34 0.3600081735536854
26 35 0.7200163471073708
26 36 0.38720256784524465
26 37 0.7744051356904893
26 38 -0.5008620660135232
26 39 -1.0017241320270465
27 9.739127030656395
27 28 2.6399366733441796
27 29 5.279873346688359
27 30 -0.2276283561112692
27 31 -0.4552567122225384
27 32 -3.539118666518637
27 33 -7.078237333037274
27 34 0.7200163471073708
27 35 1.4400326942147417
27 36 0.7744051356904893
27 37 1.5488102713809786
27 38 -1.0017241320270465
27 39 -2.003448264054093
28 -2.453045210518648
28 29 16.324163718621364
28 30 4.440892098500626e-16
28 31 8.881784197001252e-16
28 32 2.0219323755447736
28 33 4.043864751089547
28 34 -0.6287255690640849
28 35 -1.2574511381281699
28 36 -4.022108343691754
28 37 -8.044216687383509
28 38 -0.8076921212015513
28 39 -1.6153842424031026
29 3.255991438273387
29 30 8.881784197001252e-16
29 31 1.7763568394002505e-15
29 32 4.043864751089547
29 33 8.087729502179094
29 34 -1.2574511381281699
29 35 -2.5149022762563398
29 36 -8.044216687383509
29 37 -16.088433374767018
29 38 -1.6153842424031026
29 39 -3.2307684848062053
30 28.455139195449664
30 31 16.324163718621367
30 32 0.6287255690640849
30 33 1.2574511381281699
30 34 2.021932375544774
30 35 4.043864751089548
30 36 0.8076921212015509
30 37 1.6153842424031017
30 38 -4.0221083436917535
30 39 -8.044216687383507
31 65.07236025021001
31 32 1.2574511381281699
31 33 2.5149022762563398
31 34 4.043864751089548
31 35 8.087729502179096
31 36 1.6153842424031017
31 37 3.2307684848062035
31 38 -8.044216687383507
31 39 -16.088433374767014
32 -14.868763186438995
32 33 11.227389483568794
32 34 2.220446049250313e-16
32 35 4.440892098500626e-16
32 36 -1.237533512384699
32 37 -2.475067024769398
32 38 0.11119974554465277
32 39 0.22239949108930554
33 -24.123831631093594
33 34 4.440892098500626e-16
33 35 8.881784197001252e-16
33 36 -2.475067024769398
33 37 -4.950134049538796
33 38 0.22239949108930554
33 39 0.4447989821786111
34 -5.641839629720851
34 35 11.227389483568794
34 36 -0.11119974554465284
34 37 -0.22239949108930568
34 38 -1.237533512384699
34 39 -2.475067024769398
35 -5.669984517657305
35 36 -0.22239949108930568
35 37 -0.44479898217861136
35 38 -2.475067024769398
35 39 -4.950134049538796
36 31.65512036348911
36 37 31.37735957618529
36 38 5.84601811404184e-16
36 39 1.169203622808368e-15
37 78.99892051507086
37 38 1.169203622808368e-15
37 39 2.338407245616736e-15
38 -55.48714397628484
38 39 31.37735957618529
39 -95.28560816447704
