40
1100111011000101001101001111110110110001
0 21.584183318154338
0 1 17.047393812146172
0 2 3.3306690738754696e-16
0 3 6.661338147750939e-16
0 4 -3.9305926295253624
0 5 -7.861185259050725
0 6 -1.3857109784273107
0 7 -2.7714219568546214
0 8 -0.6649232560252148
0 9 -1.3298465120504297
0 10 -0.861608242283439
0 11 -1.723216484566878
0 12 -0.8460384530076732
0 13 -1.6920769060153464
0 14 -3.5762389826395946
0 15 -7.152477965279189
0 16 1.2469996833763086
0 17 2.4939993667526172
0 18 0.016549248465979494
0 19 0.03309849693195899
0 20 -0.42936165522997705
0 21 -0.8587233104599541
0 22 1.7369188735728787
0 23 3.4738377471457573
0 24 -2.463430734492423
0 25 -4.926861468984846
0 26 -1.0411561350952054
0 27 -2.082312270190411
0 28 -0.2675449169283855
0 29 -0.535089833856771
0 30 -3.449695549017355
0 31 -6.89939109803471
0 32 2.0513403086245114
0 33 4.102680617249023
0 34 0.2687184001267573
0 35 0.5374368002535146
0 36 -0.6843940725323819
0 37 -1.3687881450647639
0 38 1.6302358771761984
0 39 3.260471754352397
1 51.69206354238176
1 2 6.661338147750939e-16
1 3 1.3322676295501878e-15
1 4 -7.861185259050725
1 5 -15.72237051810145
1 6 -2.7714219568546214
1 7 -5.542843913709243
1 8 -1.3298465120504297
1 9 -2.6596930241008594
1 10 -1.723216484566878
1 11 -3.446432969133756
1 12 -1.6920769060153464
1 13 -3.384153812030693
1 14 -7.152477965279189
1 15 -14.304955930558378
1 16 2.4939993667526172
1 17 4.9879987335052345
1 18 0.03309849693195899
1 19 0.06619699386391797
1 20 -0.8587233104599541
1 21 -1.7174466209199082
1 22 3.4738377471457573
1 23 6.947675494291515
1 24 -4.926861468984846
1 25 -9.853722937969692
1 26 -2.082312270190411
1 27 -4.164624540380822
1 28 -0.535089833856771
1 29 -1.070179667713542
1 30 -6.89939109803471
1 31 -13.79878219606942
1 32 4.102680617249023
1 33 8.205361234498046
1 34 0.5374368002535146
1 35 1.0748736005070292
1 36 -1.3687881450647639
1 37 -2.7375762901295277
1 38 3.260471754352397
1 39 6.520943508704794
2 -6.959460532710561
2 3 17.047393812146176
2 4 1.3857109784273105
2 5 2.771421956854621
2 6 -3.9305926295253624
2 7 -7.861185259050725
2 8 0.8616082422834388
2 9 1.7232164845668776
2 10 -0.6649232560252148
2 11 -1.3298465120504297
2 12 3.5762389826395946
2 13 7.152477965279189
2 14 -0.8460384530076732
2 15 -1.6920769060153464
2 16 -0.01654924846597927
2 17 -0.03309849693195854
2 18 1.2469996833763086
2 19 2.4939993667526172
2 20 -1.7369188735728787
2 21 -3.4738377471457573
2 22 -0.4293616552299764
2 23 -0.8587233104599528
2 24 1.0411561350952052
2 25 2.0823122701904104
2 26 -2.463430734492423
2 27 -4.926861468984846
2 28 3.449695549017355
2 29 6.89939109803471
2 30 -0.2675449169283851
2 31 -0.5350898338567702
2 32 -0.26871840012675696
2 33 -0.5374368002535139
2 34 2.0513403086245114
2 35 4.102680617249023
2 36 -1.6302358771761984
2 37 -3.260471754352397
2 38 -0.6843940725323822
2 39 -1.3687881450647643
3 -5.395224159348036
3 4 2.771421956854621
3 5 5.542843913709242
3 6 -7.861185259050725
3 7 -15.72237051810145
3 8 1.7232164845668776
3 9 3.446432969133755
3 10 -1.3298465120504297
3 11 -2.6596930241008594
3 12 7.152477965279189
3 13 14.304955930558378
3 14 -1.6920769060153464
3 15 -3.384153812030693
3 16 -0.03309849693195854
3 17 -0.06619699386391709
3 18 2.4939993667526172
3 19 4.9879987335052345
3 20 -3.4738377471457573
3 21 -6.947675494291515
3 22 -0.8587233104599528
3 23 -1.7174466209199055
3 24 2.0823122701904104
3 25 4.164624540380821
3 26 -4.926861468984846
3 27 -9.853722937969692
3 28 6.89939109803471
3 29 13.79878219606942
3 30 -0.5350898338567702
3 31 -1.0701796677135405
3 32 -0.5374368002535139
3 33 -1.0748736005070278
3 34 4.102680617249023
3 35 8.205361234498046
3 36 -3.260471754352397
3 37 -6.520943508704794
3 38 -1.3687881450647643
3 39 -2.7375762901295286
4 -12.570899012547546
4 5 12.515080719213124
4 6 2.220446049250313e-16
4 7 4.440892098500626e-16
4 8 -0.1375966842364688
4 9 -0.2751933684729376
4 10 0.4572445548623035
4 11 0.914489109724607
4 12 3.137209840474577
4 13 6.274419680949154
4 14 1.8290617491186594
4 15 3.6581234982373187
4 16 -1.9032235763249923
4 17 -3.8064471526499846
4 18 0.8298540640692228
4 19 1.6597081281384456
4 20 0.11326047235605885
4 21 0.2265209447121177
4 22 -1.6956688930441475
4 23 -3.391337786088295
4 24 0.49457821258998985
4 25 0.9891564251799797
4 26 -0.5361277398980769
4 27 -1.0722554797961539
4 28 2.327272254737138
4 29 4.654544509474276
4 30 1.96745844710138
4 31 3.93491689420276
4 32 -2.127231234319921
4 33 -4.254462468639842
4 34 -1.0478038957682272
4 35 -2.0956077915364544
4 36 -1.4045068853597968
4 37 -2.8090137707195937
4 38 -2.0066698649287176
4 39 -4.013339729857435
5 -18.884257665488526
5 6 4.440892098500626e-16
5 7 8.881784197001252e-16
5 8 -0.2751933684729376
5 9 -0.5503867369458753
5 10 0.914489109724607
5 11 1.828978219449214
5 12 6.274419680949154
5 13 12.548839361898308
5 14 3.6581234982373187
5 15 7.3162469964746375
5 16 -3.8064471526499846
5 17 -7.612894305299969
5 18 1.6597081281384456
5 19 3.319416256276891
5 20 0.2265209447121177
5 21 0.4530418894242354
5 22 -3.391337786088295
5 23 -6.78267557217659
5 24 0.9891564251799797
5 25 1.9783128503599594
5 26 -1.0722554797961539
5 27 -2.1445109595923078
5 28 4.654544509474276
5 29 9.309089018948551
5 30 3.93491689420276
5 31 7.86983378840552
5 32 -4.254462468639842
5 33 -8.508924937279684
5 34 -2.0956077915364544
5 35 -4.191215583072909
5 36 -2.8090137707195937
5 37 -5.618027541439187
5 38 -4.013339729857435
5 39 -8.02667945971487
6 1.8401448516270729
6 7 12.515080719213124
6 8 -0.45724455486230353
6 9 -0.9144891097246071
6 10 -0.13759668423646876
6 11 -0.2751933684729375
6 12 -1.8290617491186587
6 13 -3.6581234982373174
6 14 3.1372098404745765
6 15 6.274419680949153
6 16 -0.829854064069223
6 17 -1.659708128138446
6 18 -1.9032235763249923
6 19 -3.8064471526499846
6 20 1.6956688930441475
6 21 3.391337786088295
6 22 0.11326047235605885
6 23 0.2265209447121177
6 24 0.536127739898077
6 25 1.072255479796154
6 26 0.49457821258998985
6 27 0.9891564251799797
6 28 -1.9674584471013796
6 29 -3.9349168942027593
6 30 2.327272254737138
6 31 4.654544509474276
6 32 1.047803895768227
6 33 2.095607791536454
6 34 -2.127231234319921
6 35 -4.254462468639842
6 36 2.0066698649287176
6 37 4.013339729857435
6 38 -1.404506885359797
6 39 -2.809013770719594
7 9.937830062860709
7 8 -0.9144891097246071
7 9 -1.8289782194492141
7 10 -0.2751933684729375
7 11 -0.550386736945875
7 12 -3.6581234982373174
7 13 -7.316246996474635
7 14 6.274419680949153
7 15 12.548839361898306
7 16 -1.659708128138446
7 17 -3.319416256276892
7 18 -3.8064471526499846
7 19 -7.612894305299969
7 20 3.391337786088295
7 21 6.78267557217659
7 22 0.2265209447121177
7 23 0.4530418894242354
7 24 1.072255479796154
7 25 2.144510959592308
7 26 0.9891564251799797
7 27 1.9783128503599594
7 28 -3.9349168942027593
7 29 -7.8698337884055185
7 30 4.654544509474276
7 31 9.309089018948551
7 32 2.095607791536454
7 33 4.191215583072908
7 34 -4.254462468639842
7 35 -8.508924937279684
7 36 4.013339729857435
7 37 8.02667945971487
7 38 -2.809013770719594
7 39 -5.618027541439188
8 -2.766467820119668
8 9 11.476672896543526
8 10 4.440892098500626e-16
8 11 8.881784197001252e-16
8 12 1.7398840795249746
8 13 3.479768159049949
8 14 -1.8012546713250868
8 15 -3.6025093426501735
8 16 -0.5381343983374038
8 17 -1.0762687966748077
8 18 -0.07856454583466868
8 19 -0.15712909166933736
8 20 -1.7684294482838454
8 21 -3.536858896567691
8 22 1.9107730443420237
8 23 3.8215460886840473
8 24 0.8186145424288449
8 25 1.6372290848576898
8 26 -0.6589686337419403
8 27 -1.3179372674838805
8 28 -0.7412334684669538
8 29 -1.4824669369339076
8 30 -1.4352391693756474
8 31 -2.870478338751295
8 32 1.5892872633716653
8 33 3.1785745267433305
8 34 2.337268214801638
8 35 4.674536429603276
8 36 -1.2822407087757624
8 37 -2.5644814175515247
8 38 1.4514021826424102
8 39 2.9028043652848203
9 0.20540080803242589
9 10 8.881784197001252e-16
9 11 1.7763568394002505e-15
9 12 3.479768159049949
9 13 6.959536318099898
9 14 -3.6025093426501735
9 15 -7.205018685300347
9 16 -1.0762687966748077
9 17 -2.1525375933496154
9 18 -0.15712909166933736
9 19 -0.3142581833386747
9 20 -3.536858896567691
9 21 -7.073717793135382
9 22 3.8215460886840473
9 23 7.643092177368095
9 24 1.6372290848576898
9 25 3.2744581697153796
9 26 -1.3179372674838805
9 27 -2.635874534967761
9 28 -1.4824669369339076
9 29 -2.9649338738678153
9 30 -2.870478338751295
9 31 -5.74095667750259
9 32 3.1785745267433305
9 33 6.357149053486661
9 34 4.674536429603276
9 35 9.349072859206553
9 36 -2.5644814175515247
9 37 -5.128962835103049
9 38 2.9028043652848203
9 39 5.805608730569641
10 3.4683627021959236
10 11 11.476672896543526
10 12 1.8012546713250872
10 13 3.6025093426501744
10 14 1.7398840795249748
10 15 3.4797681590499496
10 16 0.07856454583466849
10 17 0.15712909166933697
10 18 -0.5381343983374038
10 19 -1.0762687966748077
10 20 -1.910773044342024
10 21 -3.821546088684048
10 22 -1.7684294482838452
10 23 -3.5368588965676904
10 24 0.6589686337419403
10 25 1.3179372674838805
10 26 0.8186145424288449
10 27 1.6372290848576898
10 28 1.4352391693756477
10 29 2.8704783387512953
10 30 -0.7412334684669539
10 31 -1.4824669369339079
10 32 -2.337268214801638
10 33 -4.674536429603276
10 34 1.5892872633716653
10 35 3.1785745267433305
10 36 -1.4514021826424104
10 37 -2.9028043652848208
10 38 -1.282240708775762
10 39 -2.564481417551524
11 12.67506185266361
11 12 3.6025093426501744
11 13 7.205018685300349
11 14 3.4797681590499496
11 15 6.959536318099899
11 16 0.15712909166933697
11 17 0.31425818333867395
11 18 -1.0762687966748077
11 19 -2.1525375933496154
11 20 -3.821546088684048
11 21 -7.643092177368096
11 22 -3.5368588965676904
11 23 -7.073717793135381
11 24 1.3179372674838805
11 25 2.635874534967761
11 26 1.6372290848576898
11 27 3.2744581697153796
11 28 2.8704783387512953
11 29 5.740956677502591
11 30 -1.4824669369339079
11 31 -2.9649338738678157
11 32 -4.674536429603276
11 33 -9.349072859206553
11 34 3.1785745267433305
11 35 6.357149053486661
11 36 -2.9028043652848208
11 37 -5.8056087305696416
11 38 -2.564481417551524
11 39 -5.128962835103048
12 -3.8536174740515468
12 13 14.338924902379548
12 14 2.220446049250313e-16
12 15 4.440892098500626e-16
12 16 -0.861768026283489
12 17 -1.723536052566978
12 18 -0.9297538299882524
12 19 -1.8595076599765048
12 20 -1.5092000918735098
12 21 -3.0184001837470196
12 22 -1.9034629064572257
12 23 -3.8069258129144514
12 24 1.7126083804538152
12 25 3.4252167609076305
12 26 -0.3125108780918898
12 27 -0.6250217561837796
12 28 2.111142295012936
12 29 4.222284590025872
12 30 -1.1173268143476773
12 31 -2.2346536286953547
12 32 -1.427799070896961
12 33 -2.855598141793922
12 34 1.8615095963952983
12 35 3.7230191927905967
12 36 -2.796140093129012
12 37 -5.592280186258024
12 38 -0.9103035370145964
12 39 -1.8206070740291929
13 -0.5377724969133197
13 14 4.440892098500626e-16
13 15 8.881784197001252e-16
13 16 -1.723536052566978
13 17 -3.447072105133956
13 18 -1.8595076599765048
13 19 -3.7190153199530096
13 20 -3.0184001837470196
13 21 -6.036800367494039
13 22 -3.8069258129144514
13 23 -7.613851625828903
13 24 3.4252167609076305
13 25 6.850433521815261
13 26 -0.6250217561837796
13 27 -1.2500435123675593
13 28 4.222284590025872
13 29 8.444569180051744
13 30 -2.2346536286953547
13 31 -4.469307257390709
13 32 -2.855598141793922
13 33 -5.711196283587844
13 34 3.7230191927905967
13 35 7.446038385581193
13 36 -5.592280186258024
13 37 -11.184560372516048
13 38 -1.8206070740291929
13 39 -3.6412141480583857
14 -10.878178410509545
14 15 14.33892490237955
14 16 0.9297538299882524
14 17 1.8595076599765048
14 18 -0.8617680262834889
14 19 -1.7235360525669778
14 20 1.903462906457226
14 21 3.806925812914452
14 22 -1.5092000918735096
14 23 -3.018400183747019
14 24 0.31251087809188993
14 25 0.6250217561837799
14 26 1.7126083804538155
14 27 3.425216760907631
14 28 1.1173268143476773
14 29 2.2346536286953547
14 30 2.111142295012936
14 31 4.222284590025872
14 32 -1.8615095963952981
14 33 -3.7230191927905962
14 34 -1.4277990708969608
14 35 -2.8555981417939216
14 36 0.9103035370145963
14 37 1.8206070740291926
14 38 -2.796140093129012
14 39 -5.592280186258024
15 -14.586894369829317
15 16 1.8595076599765048
15 17 3.7190153199530096
15 18 -1.7235360525669778
15 19 -3.4470721051339557
15 20 3.806925812914452
15 21 7.613851625828904
15 22 -3.018400183747019
15 23 -6.036800367494038
15 24 0.6250217561837799
15 25 1.2500435123675597
15 26 3.425216760907631
15 27 6.850433521815262
15 28 2.2346536286953547
15 29 4.469307257390709
15 30 4.222284590025872
15 31 8.444569180051744
15 32 -3.7230191927905962
15 33 -7.4460383855811925
15 34 -2.8555981417939216
15 35 -5.711196283587843
15 36 1.8206070740291926
15 37 3.6412141480583853
15 38 -5.592280186258024
15 39 -11.184560372516048
16 3.9487483550621616
16 17 9.171622691706242
16 18 2.220446049250313e-16
16 19 4.440892098500626e-16
16 20 -1.9517044291494348
16 21 -3.9034088582988695
16 22 0.2571937322099313
16 23 0.5143874644198626
16 24 -1.8471856509387627
16 25 -3.6943713018775255
16 26 1.9017310893255392
16 27 3.8034621786510785
16 28 -2.113737600152527
16 29 -4.227475200305054
16 30 0.35574896495716507
16 31 0.7114979299143301
16 32 -0.8862456038577664
16 33 -1.7724912077155328
16 34 -0.10468589441285026
16 35 -0.2093717888257005
16 36 1.2026899862208382
16 37 2.4053799724416765
16 38 -0.49438659036875565
16 39 -0.9887731807375113
17 12.483308055977442
17 18 4.440892098500626e-16
17 19 8.881784197001252e-16
17 20 -3.9034088582988695
17 21 -7.806817716597739
17 22 0.5143874644198626
17 23 1.0287749288397252
17 24 -3.6943713018775255
17 25 -7.388742603755051
17 26 3.8034621786510785
17 27 7.606924357302157
17 28 -4.227475200305054
17 29 -8.454950400610109
17 30 0.7114979299143301
17 31 1.4229958598286603
17 32 -1.7724912077155328
17 33 -3.5449824154310656
17 34 -0.2093717888257005
17 35 -0.418743577651401
17 36 2.4053799724416765
17 37 4.810759944883353
17 38 -0.9887731807375113
17 39 -1.9775463614750226
18 -2.3547703838251843
18 19 9.171622691706242
18 20 -0.25719373220993147
18 21 -0.5143874644198629
18 22 -1.9517044291494345
18 23 -3.903408858298869
18 24 -1.9017310893255395
18 25 -3.803462178651079
18 26 -1.8471856509387627
18 27 -3.6943713018775255
18 28 -0.3557489649571654
18 29 -0.7114979299143308
18 30 -2.113737600152527
18 31 -4.227475200305054
18 32 0.10468589441285014
18 33 0.2093717888257003
18 34 -0.8862456038577664
18 35 -1.7724912077155328
18 36 0.4943865903687558
18 37 0.9887731807375116
18 38 1.202689986220838
18 39 2.405379972441676
19 -0.12372942179724866
19 20 -0.5143874644198629
19 21 -1.0287749288397259
19 22 -3.903408858298869
19 23 -7.806817716597738
19 24 -3.803462178651079
19 25 -7.606924357302158
19 26 -3.6943713018775255
19 27 -7.388742603755051
19 28 -0.7114979299143308
19 29 -1.4229958598286616
19 30 -4.227475200305054
19 31 -8.454950400610109
19 32 0.2093717888257003
19 33 0.4187435776514006
19 34 -1.7724912077155328
19 35 -3.5449824154310656
19 36 0.9887731807375116
19 37 1.9775463614750233
19 38 2.405379972441676
19 39 4.810759944883352
20 1.2701726258935016
20 21 15.070256404264509
20 22 2.220446049250313e-16
20 23 4.440892098500626e-16
20 24 0.14601556113140318
20 25 0.29203112226280636
20 26 0.9250699563661362
20 27 1.8501399127322724
20 28 1.4480236984009296
20 29 2.896047396801859
20 30 -0.21734645842060396
20 31 -0.4346929168412079
20 32 1.1074341222711868
20 33 2.2148682445423735
20 34 -0.12210885028589946
20 35 -0.24421770057179892
20 36 0.7205691231419011
20 37 1.4411382462838023
20 38 0.24232238806222972
20 39 0.48464477612445944
21 10.075473453919258
21 22 4.440892098500626e-16
21 23 8.881784197001252e-16
21 24 0.29203112226280636
21 25 0.5840622445256127
21 26 1.8501399127322724
21 27 3.700279825464545
21 28 2.896047396801859
21 29 5.792094793603718
21 30 -0.4346929168412079
21 31 -0.8693858336824158
21 32 2.2148682445423735
21 33 4.429736489084747
21 34 -0.24421770057179892
21 35 -0.48843540114359785
21 36 1.4411382462838023
21 37 2.8822764925676045
21 38 0.48464477612445944
21 39 0.9692895522489189
22 3.8856186263336685
22 23 15.070256404264509
22 24 -0.9250699563661364
22 25 -1.8501399127322729
22 26 0.14601556113140324
22 27 0.2920311222628065
22 28 0.21734645842060396
22 29 0.4346929168412079
22 30 1.44802369840093
22 31 2.89604739680186
22 32 0.12210885028589957
22 33 0.24421770057179915
22 34 1.1074341222711868
22 35 2.2148682445423735
22 36 -0.24232238806222972
22 37 -0.48464477612445944
22 38 0.720569123141901
22 39 1.441138246283802
23 15.306365454799593
23 24 -1.8501399127322729
23 25 -3.7002798254645457
23 26 0.2920311222628065
23 27 0.584062244525613
23 28 0.4346929168412079
23 29 0.8693858336824158
23 30 2.89604739680186
23 31 5.79209479360372
23 32 0.24421770057179915
23 33 0.4884354011435983
23 34 2.2148682445423735
23 35 4.429736489084747
23 36 -0.48464477612445944
23 37 -0.9692895522489189
23 38 1.441138246283802
23 39 2.882276492567604
24 -4.346051186432475
24 25 7.755417526255835
24 26 1.1102230246251565e-16
24 27 2.220446049250313e-16
24 28 1.4823763770368754
24 29 2.964752754073751
24 30 -0.7215537505795345
24 31 -1.443107501159069
24 32 1.7604742571222585
24 33 3.520948514244517
24 34 1.8292961613721905
24 35 3.658592322744381
24 36 -0.9838777790765971
24 37 -1.9677555581531943
24 38 0.12424792094910675
24 39 0.2484958418982135
25 -4.814393609737033
25 26 2.220446049250313e-16
25 27 4.440892098500626e-16
25 28 2.964752754073751
25 29 5.929505508147502
25 30 -1.443107501159069
25 31 -2.886215002318138
25 32 3.520948514244517
25 33 7.041897028489034
25 34 3.658592322744381
25 35 7.317184645488762
25 36 -1.9677555581531943
25 37 -3.9355111163063885
25 38 0.2484958418982135
25 39 0.496991683796427
26 3.6318882348735917
26 27 7.755417526255834
26 28 0.7215537505795345
26 29 1.443107501159069
26 30 1.4823763770368752
26 31 2.9647527540737504
26 32 -1.8292961613721905
26 33 -3.658592322744381
26 34 1.7604742571222585
26 35 3.520948514244517
26 36 -0.12424792094910697
26 37 -0.24849584189821394
26 38 -0.9838777790765971
26 39 -1.9677555581531943
27 11.1414852328751
27 28 1.443107501159069
27 29 2.886215002318138
27 30 2.9647527540737504
27 31 5.929505508147501
27 32 -3.658592322744381
27 33 -7.317184645488762
27 34 3.520948514244517
27 35 7.041897028489034
27 36 -0.24849584189821394
27 37 -0.4969916837964279
27 38 -1.9677555581531943
27 39 -3.9355111163063885
28 -3.8245822207950777
28 29 18.10961115078788
28 30 2.220446049250313e-16
28 31 4.440892098500626e-16
28 32 -2.7640970410512633
28 33 -5.528194082102527
28 34 2.898926992536674
28 35 5.797853985073348
28 36 -3.4198762054626175
28 37 -6.839752410925235
28 38 -1.7052486324706786
28 39 -3.410497264941357
29 1.4056411338037833
29 30 4.440892098500626e-16
29 31 8.881784197001252e-16
29 32 -5.528194082102527
29 33 -11.056388164205053
29 34 5.797853985073348
29 35 11.595707970146696
29 36 -6.839752410925235
29 37 -13.67950482185047
29 38 -3.410497264941357
29 39 -6.820994529882714
30 2.327846658247269
30 31 18.10961115078788
30 32 -2.8989269925366745
30 33 -5.797853985073349
30 34 -2.7640970410512633
30 35 -5.528194082102527
30 36 1.7052486324706786
30 37 3.410497264941357
30 38 -3.419876205462617
30 39 -6.839752410925234
31 13.710498891888477
31 32 -5.797853985073349
31 33 -11.595707970146698
31 34 -5.528194082102527
31 35 -11.056388164205053
31 36 3.410497264941357
31 37 6.820994529882714
31 38 -6.839752410925234
31 39 -13.679504821850468
32 -7.54892357295242
32 33 19.30806299665545
32 34 4.440892098500626e-16
32 35 8.881784197001252e-16
32 36 2.4504243393422778
32 37 4.9008486786845555
32 38 2.9569665692203877
32 39 5.913933138440775
33 -5.4438156475771144
33 34 8.881784197001252e-16
33 35 1.7763568394002505e-15
33 36 4.9008486786845555
33 37 9.801697357369111
33 38 5.913933138440775
33 39 11.82786627688155
34 -1.9277489320112569
34 35 19.30806299665545
34 36 -2.9569665692203873
34 37 -5.9139331384407745
34 38 2.4504243393422773
34 39 4.900848678684555
35 5.798533634305212
35 36 -5.9139331384407745
35 37 -11.827866276881549
35 38 4.900848678684555
35 39 9.80169735736911
36 -1.155676628520304
36 37 12.084949338425721
36 38 1.1102230246251565e-16
36 39 2.220446049250313e-16
37 3.7311214121722536
37 38 2.220446049250313e-16
37 39 4.440892098500626e-16
38 -3.4202556896068046
38 39 12.084949338425721
39 -0.7980367100007477
