40
1100111011000101001101001111110110110001
0 5.43696603654883
0 1 6.295142950067355
0 2 1.1102230246251565e-16
0 3 2.220446049250313e-16
0 4 0.29406318824398897
0 5 0.5881263764879779
0 6 -0.37917119883204564
0 7 -0.7583423976640913
0 8 -0.4232510942140597
0 9 -0.8465021884281194
0 10 -1.802939393884878
0 11 -3.605878787769756
0 12 -0.000811369506747317
0 13 -0.001622739013494634
0 14 0.41639956131206635
0 15 0.8327991226241327
0 16 1.0385497798495227
0 17 2.0770995596990454
0 18 -0.023655003355810944
0 19 -0.04731000671162189
0 20 -0.1351230295288623
0 21 -0.2702460590577246
0 22 0.522005591824893
0 23 1.044011183649786
0 24 0.41185690214356596
0 25 0.8237138042871319
0 26 0.3305050692586723
0 27 0.6610101385173446
0 28 -0.4788512664078919
0 29 -0.9577025328157838
0 30 -1.4846034318388495
0 31 -2.969206863677699
0 32 -0.6110208852443333
0 33 -1.2220417704886666
0 34 -1.1997890114444403
0 35 -2.3995780228888806
0 36 0.32230244679287984
0 37 0.6446048935857597
0 38 -1.6188978124539568
0 39 -3.2377956249079136
1 14.021503548131335
1 2 2.220446049250313e-16
1 3 4.440892098500626e-16
1 4 0.5881263764879779
1 5 1.1762527529759559
1 6 -0.7583423976640913
1 7 -1.5166847953281826
1 8 -0.8465021884281194
1 9 -1.6930043768562388
1 10 -3.605878787769756
1 11 -7.211757575539512
1 12 -0.001622739013494634
1 13 -0.003245478026989268
1 14 0.8327991226241327
1 15 1.6655982452482654
1 16 2.0770995596990454
1 17 4.154199119398091
1 18 -0.04731000671162189
1 19 -0.09462001342324378
1 20 -0.2702460590577246
1 21 -0.5404921181154492
1 22 1.044011183649786
1 23 2.088022367299572
1 24 0.8237138042871319
1 25 1.6474276085742638
1 26 0.6610101385173446
1 27 1.3220202770346892
1 28 -0.9577025328157838
1 29 -1.9154050656315675
1 30 -2.969206863677699
1 31 -5.938413727355398
1 32 -1.2220417704886666
1 33 -2.444083540977333
1 34 -2.3995780228888806
1 35 -4.799156045777761
1 36 0.6446048935857597
1 37 1.2892097871715194
1 38 -3.2377956249079136
1 39 -6.475591249815827
2 -10.761331011794525
2 3 6.295142950067356
2 4 0.37917119883204586
2 5 0.7583423976640917
2 6 0.29406318824398914
2 7 0.5881263764879783
2 8 1.8029393938848781
2 9 3.6058787877697562
2 10 -0.4232510942140597
2 11 -0.8465021884281194
2 12 -0.41639956131206635
2 13 -0.8327991226241327
2 14 -0.000811369506747539
2 15 -0.001622739013495078
2 16 0.02365500335581107
2 17 0.04731000671162214
2 18 1.038549779849523
2 19 2.077099559699046
2 20 -0.5220055918248931
2 21 -1.0440111836497863
2 22 -0.13512302952886243
2 23 -0.27024605905772486
2 24 -0.33050506925867223
2 25 -0.6610101385173445
2 26 0.41185690214356596
2 27 0.8237138042871319
2 28 1.4846034318388495
2 29 2.969206863677699
2 30 -0.4788512664078918
2 31 -0.9577025328157835
2 32 1.19978901144444
2 33 2.39957802288888
2 34 -0.6110208852443333
2 35 -1.2220417704886666
2 36 1.6188978124539566
2 37 3.237795624907913
2 38 0.3223024467928798
2 39 0.6446048935857596
3 -18.37509054855537
3 4 0.7583423976640917
3 5 1.5166847953281835
3 6 0.5881263764879783
3 7 1.1762527529759566
3 8 3.6058787877697562
3 9 7.2117575755395125
3 10 -0.8465021884281194
3 11 -1.6930043768562388
3 12 -0.8327991226241327
3 13 -1.6655982452482654
3 14 -0.001622739013495078
3 15 -0.003245478026990156
3 16 0.04731000671162214
3 17 0.09462001342324428
3 18 2.077099559699046
3 19 4.154199119398092
3 20 -1.0440111836497863
3 21 -2.0880223672995726
3 22 -0.27024605905772486
3 23 -0.5404921181154497
3 24 -0.6610101385173445
3 25 -1.322020277034689
3 26 0.8237138042871319
3 27 1.6474276085742638
3 28 2.969206863677699
3 29 5.938413727355398
3 30 -0.9577025328157835
3 31 -1.915405065631567
3 32 2.39957802288888
3 33 4.79915604577776
3 34 -1.2220417704886666
3 35 -2.444083540977333
3 36 3.237795624907913
3 37 6.475591249815826
3 38 0.6446048935857596
3 39 1.2892097871715191
4 -34.56876053197434
4 5 20.58940099652984
4 6 4.440892098500626e-16
4 7 8.881784197001252e-16
4 8 2.391337178486145
4 9 4.78267435697229
4 10 -0.547828572673553
4 11 -1.095657145347106
4 12 1.1345402534466473
4 13 2.2690805068932947
4 14 -0.19625047235726756
4 15 -0.3925009447145351
4 16 3.546979565411807
4 17 7.093959130823614
4 18 0.4474689856578107
4 19 0.8949379713156214
4 20 3.661792109393125
4 21 7.32358421878625
4 22 -3.8366935201432595
4 23 -7.673387040286519
4 24 0.8913912101534436
4 25 1.7827824203068872
4 26 -0.8633391085534923
4 27 -1.7266782171069845
4 28 1.824072058108014
4 29 3.648144116216028
4 30 2.3682576364731336
4 31 4.736515272946267
4 32 -1.3408224860852231
4 33 -2.6816449721704463
4 34 1.5242435316780374
4 35 3.0484870633560748
4 36 1.0560033006817353
4 37 2.1120066013634706
4 38 1.3220945899432324
4 39 2.6441891798864647
5 -58.84282056568376
5 6 8.881784197001252e-16
5 7 1.7763568394002505e-15
5 8 4.78267435697229
5 9 9.56534871394458
5 10 -1.095657145347106
5 11 -2.191314290694212
5 12 2.2690805068932947
5 13 4.538161013786589
5 14 -0.3925009447145351
5 15 -0.7850018894290702
5 16 7.093959130823614
5 17 14.187918261647228
5 18 0.8949379713156214
5 19 1.7898759426312427
5 20 7.32358421878625
5 21 14.6471684375725
5 22 -7.673387040286519
5 23 -15.346774080573038
5 24 1.7827824203068872
5 25 3.5655648406137743
5 26 -1.7266782171069845
5 27 -3.453356434213969
5 28 3.648144116216028
5 29 7.296288232432056
5 30 4.736515272946267
5 31 9.473030545892534
5 32 -2.6816449721704463
5 33 -5.363289944340893
5 34 3.0484870633560748
5 35 6.0969741267121496
5 36 2.1120066013634706
5 37 4.224013202726941
5 38 2.6441891798864647
5 39 5.2883783597729295
6 -28.066446179901845
6 7 20.58940099652984
6 8 0.547828572673553
6 9 1.095657145347106
6 10 2.3913371784861446
6 11 4.782674356972289
6 12 0.1962504723572675
6 13 0.392500944714535
6 14 1.1345402534466476
6 15 2.269080506893295
6 16 -0.44746898565781
6 17 -0.89493797131562
6 18 3.5469795654118075
6 19 7.093959130823615
6 20 3.8366935201432595
6 21 7.673387040286519
6 22 3.6617921093931254
6 23 7.323584218786251
6 24 0.8633391085534924
6 25 1.7266782171069848
6 26 0.8913912101534436
6 27 1.7827824203068872
6 28 -2.368257636473133
6 29 -4.736515272946266
6 30 1.824072058108014
6 31 3.648144116216028
6 32 -1.5242435316780374
6 33 -3.0484870633560748
6 34 -1.3408224860852231
6 35 -2.6816449721704463
6 36 -1.3220945899432324
6 37 -2.6441891798864647
6 38 1.056003300681735
6 39 2.11200660136347
7 -45.83819186153877
7 8 1.095657145347106
7 9 2.191314290694212
7 10 4.782674356972289
7 11 9.565348713944578
7 12 0.392500944714535
7 13 0.78500188942907
7 14 2.269080506893295
7 15 4.53816101378659
7 16 -0.89493797131562
7 17 -1.78987594263124
7 18 7.093959130823615
7 19 14.18791826164723
7 20 7.673387040286519
7 21 15.346774080573038
7 22 7.323584218786251
7 23 14.647168437572502
7 24 1.7266782171069848
7 25 3.4533564342139695
7 26 1.7827824203068872
7 27 3.5655648406137743
7 28 -4.736515272946266
7 29 -9.473030545892533
7 30 3.648144116216028
7 31 7.296288232432056
7 32 -3.0484870633560748
7 33 -6.0969741267121496
7 34 -2.6816449721704463
7 35 -5.363289944340893
7 36 -2.6441891798864647
7 37 -5.2883783597729295
7 38 2.11200660136347
7 39 4.22401320272694
8 -16.404787634585276
8 9 16.41152409023079
8 10 4.440892098500626e-16
8 11 8.881784197001252e-16
8 12 0.9572102992464859
8 13 1.9144205984929719
8 14 0.2704490807055406
8 15 0.5408981614110812
8 16 1.3423002835914348
8 17 2.6846005671828697
8 18 -0.48350183950334047
8 19 -0.9670036790066809
8 20 -1.3037732599573313
8 21 -2.6075465199146626
8 22 -0.6785420607637923
8 23 -1.3570841215275846
8 24 1.1671408630105637
8 25 2.3342817260211275
8 26 -1.2538362201631084
8 27 -2.5076724403262167
8 28 2.490694585330181
8 29 4.981389170660362
8 30 0.5899903136555921
8 31 1.1799806273111841
8 32 2.9958554069283423
8 33 5.991710813856685
8 34 -2.8132229313353347
8 35 -5.6264458626706695
8 36 0.31303954334692413
8 37 0.6260790866938483
8 38 -0.26630138419176563
8 39 -0.5326027683835313
9 -24.603813224055155
9 10 8.881784197001252e-16
9 11 1.7763568394002505e-15
9 12 1.9144205984929719
9 13 3.8288411969859437
9 14 0.5408981614110812
9 15 1.0817963228221623
9 16 2.6846005671828697
9 17 5.369201134365739
9 18 -0.9670036790066809
9 19 -1.9340073580133619
9 20 -2.6075465199146626
9 21 -5.215093039829325
9 22 -1.3570841215275846
9 23 -2.7141682430551692
9 24 2.3342817260211275
9 25 4.668563452042255
9 26 -2.5076724403262167
9 27 -5.0153448806524334
9 28 4.981389170660362
9 29 9.962778341320725
9 30 1.1799806273111841
9 31 2.3599612546223683
9 32 5.991710813856685
9 33 11.98342162771337
9 34 -5.6264458626706695
9 35 -11.252891725341339
9 36 0.6260790866938483
9 37 1.2521581733876965
9 38 -0.5326027683835313
9 39 -1.0652055367670625
10 -20.888681281741807
10 11 16.41152409023079
10 12 -0.27044908070554047
10 13 -0.5408981614110809
10 14 0.9572102992464858
10 15 1.9144205984929716
10 16 0.4835018395033407
10 17 0.9670036790066814
10 18 1.342300283591435
10 19 2.68460056718287
10 20 0.6785420607637918
10 21 1.3570841215275835
10 22 -1.3037732599573308
10 23 -2.6075465199146617
10 24 1.2538362201631086
10 25 2.507672440326217
10 26 1.167140863010564
10 27 2.334281726021128
10 28 -0.5899903136555921
10 29 -1.1799806273111841
10 30 2.490694585330182
10 31 4.981389170660364
10 32 2.8132229313353356
10 33 5.626445862670671
10 34 2.9958554069283423
10 35 5.991710813856685
10 36 0.26630138419176563
10 37 0.5326027683835313
10 38 0.31303954334692413
10 39 0.6260790866938483
11 -33.571600518368214
11 12 -0.5408981614110809
11 13 -1.0817963228221619
11 14 1.9144205984929716
11 15 3.8288411969859433
11 16 0.9670036790066814
11 17 1.9340073580133628
11 18 2.68460056718287
11 19 5.36920113436574
11 20 1.3570841215275835
11 21 2.714168243055167
11 22 -2.6075465199146617
11 23 -5.215093039829323
11 24 2.507672440326217
11 25 5.015344880652434
11 26 2.334281726021128
11 27 4.668563452042256
11 28 -1.1799806273111841
11 29 -2.3599612546223683
11 30 4.981389170660364
11 31 9.962778341320728
11 32 5.626445862670671
11 33 11.252891725341343
11 34 5.991710813856685
11 35 11.98342162771337
11 36 0.5326027683835313
11 37 1.0652055367670625
11 38 0.6260790866938483
11 39 1.2521581733876965
12 -8.3482400834108
12 13 22.28551823105738
12 14 5.273559366969494e-16
12 15 1.0547118733938987e-15
12 16 -1.500729939675362
12 17 -3.001459879350724
12 18 -2.219334211643525
12 19 -4.43866842328705
12 20 -0.30494664161936363
12 21 -0.6098932832387273
12 22 -1.2141335212072197
12 23 -2.4282670424144395
12 24 3.4518680963134267
12 25 6.9037361926268535
12 26 -5.304819069554222
12 27 -10.609638139108444
12 28 -2.0197514105476184
12 29 -4.039502821095237
12 30 5.696201488067205
12 31 11.39240297613441
12 32 -1.0087865008658352
12 33 -2.0175730017316704
12 34 -2.089644787823798
12 35 -4.179289575647596
12 36 -1.9406355534591513
12 37 -3.8812711069183026
12 38 3.5910874981498884
12 39 7.182174996299777
13 -5.553721051292911
13 14 1.0547118733938987e-15
13 15 2.1094237467877974e-15
13 16 -3.001459879350724
13 17 -6.002919758701448
13 18 -4.43866842328705
13 19 -8.8773368465741
13 20 -0.6098932832387273
13 21 -1.2197865664774545
13 22 -2.4282670424144395
13 23 -4.856534084828879
13 24 6.9037361926268535
13 25 13.807472385253707
13 26 -10.609638139108444
13 27 -21.21927627821689
13 28 -4.039502821095237
13 29 -8.079005642190474
13 30 11.39240297613441
13 31 22.78480595226882
13 32 -2.0175730017316704
13 33 -4.035146003463341
13 34 -4.179289575647596
13 35 -8.358579151295192
13 36 -3.8812711069183026
13 37 -7.762542213836605
13 38 7.182174996299777
13 39 14.364349992599553
14 -18.442652917979515
14 15 22.28551823105738
14 16 2.219334211643525
14 17 4.43866842328705
14 18 -1.5007299396753626
14 19 -3.0014598793507252
14 20 1.2141335212072197
14 21 2.4282670424144395
14 22 -0.30494664161936375
14 23 -0.6098932832387275
14 24 5.304819069554222
14 25 10.609638139108444
14 26 3.4518680963134267
14 27 6.9037361926268535
14 28 -5.6962014880672065
14 29 -11.392402976134413
14 30 -2.019751410547618
14 31 -4.039502821095236
14 32 2.0896447878237976
14 33 4.179289575647595
14 34 -1.0087865008658354
14 35 -2.017573001731671
14 36 -3.5910874981498884
14 37 -7.182174996299777
14 38 -1.9406355534591515
14 39 -3.881271106918303
15 -25.742546720430344
15 16 4.43866842328705
15 17 8.8773368465741
15 18 -3.0014598793507252
15 19 -6.0029197587014504
15 20 2.4282670424144395
15 21 4.856534084828879
15 22 -0.6098932832387275
15 23 -1.219786566477455
15 24 10.609638139108444
15 25 21.21927627821689
15 26 6.9037361926268535
15 27 13.807472385253707
15 28 -11.392402976134413
15 29 -22.784805952268826
15 30 -4.039502821095236
15 31 -8.079005642190472
15 32 4.179289575647595
15 33 8.35857915129519
15 34 -2.017573001731671
15 35 -4.035146003463342
15 36 -7.182174996299777
15 37 -14.364349992599553
15 38 -3.881271106918303
15 39 -7.762542213836606
16 -26.9228496298781
16 17 17.44649601710887
16 18 4.440892098500626e-16
16 19 8.881784197001252e-16
16 20 -1.8359819194837734
16 21 -3.671963838967547
16 22 -0.9070394458308291
16 23 -1.8140788916616581
16 24 -1.6749635155862295
16 25 -3.349927031172459
16 26 1.0003038280759768
16 27 2.0006076561519537
16 28 2.0215575424214727
16 29 4.043115084842945
16 30 -0.5302286757982938
16 31 -1.0604573515965876
16 32 -0.29228360407982873
16 33 -0.5845672081596575
16 34 2.1975653647689657
16 35 4.395130729537931
16 36 1.4862564902384299
16 37 2.9725129804768597
16 38 0.6564533482902293
16 39 1.3129066965804586
17 -45.12245125120177
17 18 8.881784197001252e-16
17 19 1.7763568394002505e-15
17 20 -3.671963838967547
17 21 -7.343927677935094
17 22 -1.8140788916616581
17 23 -3.6281577833233163
17 24 -3.349927031172459
17 25 -6.699854062344918
17 26 2.0006076561519537
17 27 4.001215312303907
17 28 4.043115084842945
17 29 8.08623016968589
17 30 -1.0604573515965876
17 31 -2.120914703193175
17 32 -0.5845672081596575
17 33 -1.169134416319315
17 34 4.395130729537931
17 35 8.790261459075863
17 36 2.9725129804768597
17 37 5.9450259609537195
17 38 1.3129066965804586
17 39 2.625813393160917
18 -18.391300434312075
18 19 17.44649601710887
18 20 0.9070394458308288
18 21 1.8140788916616577
18 22 -1.8359819194837734
18 23 -3.671963838967547
18 24 -1.000303828075977
18 25 -2.000607656151954
18 26 -1.6749635155862295
18 27 -3.349927031172459
18 28 0.5302286757982939
18 29 1.0604573515965878
18 30 2.0215575424214727
18 31 4.043115084842945
18 32 -2.1975653647689657
18 33 -4.395130729537931
18 34 -0.29228360407982884
18 35 -0.5845672081596577
18 36 -0.6564533482902289
18 37 -1.3129066965804579
18 38 1.4862564902384299
18 39 2.9725129804768597
19 -28.059352860069716
19 20 1.8140788916616577
19 21 3.6281577833233154
19 22 -3.671963838967547
19 23 -7.343927677935094
19 24 -2.000607656151954
19 25 -4.001215312303908
19 26 -3.349927031172459
19 27 -6.699854062344918
19 28 1.0604573515965878
19 29 2.1209147031931757
19 30 4.043115084842945
19 31 8.08623016968589
19 32 -4.395130729537931
19 33 -8.790261459075863
19 34 -0.5845672081596577
19 35 -1.1691344163193154
19 36 -1.3129066965804579
19 37 -2.6258133931609158
19 38 2.9725129804768597
19 39 5.9450259609537195
20 -7.06273256077063
20 21 17.407017018771604
20 22 6.886852199627924e-16
20 23 1.3773704399255848e-15
20 24 2.3317196806040377
20 25 4.663439361208075
20 26 1.2306358522369905
20 27 2.461271704473981
20 28 -3.7641494333578818
20 29 -7.5282988667157635
20 30 1.9254274115217287
20 31 3.8508548230434574
20 32 -0.7879240263706603
20 33 -1.5758480527413206
20 34 -0.196573335414006
20 35 -0.393146670828012
20 36 -0.031312876679170376
20 37 -0.06262575335834075
20 38 -2.428970919123659
20 39 -4.857941838247318
21 -5.421956612155462
21 22 1.3773704399255848e-15
21 23 2.7547408798511697e-15
21 24 4.663439361208075
21 25 9.32687872241615
21 26 2.461271704473981
21 27 4.922543408947962
21 28 -7.5282988667157635
21 29 -15.056597733431527
21 30 3.8508548230434574
21 31 7.701709646086915
21 32 -1.5758480527413206
21 33 -3.151696105482641
21 34 -0.393146670828012
21 35 -0.786293341656024
21 36 -0.06262575335834075
21 37 -0.1252515067166815
21 38 -4.857941838247318
21 39 -9.715883676494636
22 8.706648589599432
22 23 17.407017018771604
22 24 -1.2306358522369902
22 25 -2.4612717044739805
22 26 2.3317196806040377
22 27 4.663439361208075
22 28 -1.9254274115217287
22 29 -3.8508548230434574
22 30 -3.7641494333578818
22 31 -7.5282988667157635
22 32 0.19657333541400623
22 33 0.39314667082801247
22 34 -0.7879240263706604
22 35 -1.5758480527413208
22 36 2.4289709191236595
22 37 4.857941838247319
22 38 -0.031312876679170376
22 39 -0.06262575335834075
23 26.116805688584662
23 24 -2.4612717044739805
23 25 -4.922543408947961
23 26 4.663439361208075
23 27 9.32687872241615
23 28 -3.8508548230434574
23 29 -7.701709646086915
23 30 -7.5282988667157635
23 31 -15.056597733431527
23 32 0.39314667082801247
23 33 0.7862933416560249
23 34 -1.5758480527413208
23 35 -3.1516961054826416
23 36 4.857941838247319
23 37 9.715883676494638
23 38 -0.06262575335834075
23 39 -0.1252515067166815
24 -11.950831874009896
24 25 12.442577227461857
24 26 3.3306690738754696e-16
24 27 6.661338147750939e-16
24 28 -3.529966097031033
24 29 -7.059932194062066
24 30 1.1343880024002753
24 31 2.2687760048005505
24 32 1.4862459098829308
24 33 2.9724918197658616
24 34 -1.528456543302673
24 35 -3.056913086605346
24 36 -2.7793291825607027
24 37 -5.558658365121405
24 38 -1.6113732773201157
24 39 -3.2227465546402314
25 -17.680375134288862
25 26 6.661338147750939e-16
25 27 1.3322676295501878e-15
25 28 -7.059932194062066
25 29 -14.119864388124132
25 30 2.2687760048005505
25 31 4.537552009601101
25 32 2.9724918197658616
25 33 5.944983639531723
25 34 -3.056913086605346
25 35 -6.113826173210692
25 36 -5.558658365121405
25 37 -11.11731673024281
25 38 -3.2227465546402314
25 39 -6.445493109280463
26 1.9777383595197704
26 27 12.442577227461857
26 28 -1.1343880024002753
26 29 -2.2687760048005505
26 30 -3.529966097031033
26 31 -7.059932194062066
26 32 1.5284565433026733
26 33 3.0569130866053467
26 34 1.486245909882931
26 35 2.972491819765862
26 36 1.6113732773201155
26 37 3.222746554640231
26 38 -2.779329182560703
26 39 -5.558658365121406
27 10.176765332770469
27 28 -2.2687760048005505
27 29 -4.537552009601101
27 30 -7.059932194062066
27 31 -14.119864388124132
27 32 3.0569130866053467
27 33 6.113826173210693
27 34 2.972491819765862
27 35 5.944983639531724
27 36 3.222746554640231
27 37 6.445493109280462
27 38 -5.558658365121406
27 39 -11.117316730242813
28 -3.829500429125397
28 29 23.08910282000894
28 30 2.220446049250313e-16
28 31 4.440892098500626e-16
28 32 1.1002919823014627
28 33 2.2005839646029255
28 34 0.0998778505469129
28 35 0.1997557010938258
28 36 2.954314803669532
28 37 5.908629607339064
28 38 2.86067652793142
28 39 5.72135305586284
29 3.885550551753674
29 30 4.440892098500626e-16
29 31 8.881784197001252e-16
29 32 2.2005839646029255
29 33 4.401167929205851
29 34 0.1997557010938258
29 35 0.3995114021876516
29 36 5.908629607339064
29 37 11.817259214678128
29 38 5.72135305586284
29 39 11.44270611172568
30 -20.520967117415804
30 31 23.08910282000894
30 32 -0.0998778505469129
30 33 -0.1997557010938258
30 34 1.1002919823014627
30 35 2.2005839646029255
30 36 -2.86067652793142
30 37 -5.72135305586284
30 38 2.9543148036695324
30 39 5.908629607339065
31 -29.497382824827138
31 32 -0.1997557010938258
31 33 -0.3995114021876516
31 34 2.2005839646029255
31 35 4.401167929205851
31 36 -5.72135305586284
31 37 -11.44270611172568
31 38 5.908629607339065
31 39 11.81725921467813
32 -5.004788789604165
32 33 13.076968861796463
32 34 4.440892098500626e-16
32 35 8.881784197001252e-16
32 36 0.5339347096949046
32 37 1.0678694193898093
32 38 -1.9008392041916413
32 39 -3.8016784083832826
33 -3.471093148310098
33 34 8.881784197001252e-16
33 35 1.7763568394002505e-15
33 36 1.0678694193898093
33 37 2.1357388387796186
33 38 -3.8016784083832826
33 39 -7.603356816766565
34 -3.385213728223778
34 35 13.076968861796463
34 36 1.9008392041916413
34 37 3.8016784083832826
34 38 0.5339347096949045
34 39 1.067869419389809
35 -0.23194302554932555
35 36 3.8016784083832826
35 37 7.603356816766565
35 38 1.067869419389809
35 39 2.135738838779618
36 -1.5829926570319381
36 37 15.104309193357398
36 38 4.440892098500626e-16
36 39 8.881784197001252e-16
37 4.386169282614825
37 38 8.881784197001252e-16
37 39 1.7763568394002505e-15
38 -25.73231707028372
38 39 15.1043091933574
39 -43.91247954388874
