40
1100111011000101001101001111110110110001
0 17.642183417965466
0 1 21.042426581425275
0 2 6.800116025829084e-16
0 3 1.3600232051658168e-15
0 4 -2.1631849889106967
0 5 -4.326369977821393
0 6 -0.44732427029477007
0 7 -0.8946485405895401
0 8 -2.4588375184879667
0 9 -4.9176750369759334
0 10 1.6988578033039616
0 11 3.3977156066079233
0 12 -0.4001823713174967
0 13 -0.8003647426349934
0 14 4.455848233454444
0 15 8.911696466908888
0 16 -2.9819564536980474
0 17 -5.963912907396095
0 18 -0.12599957006900442
0 19 -0.25199914013800884
0 20 1.6148187225764161
0 21 3.2296374451528322
0 22 -1.612305984115971
0 23 -3.224611968231942
0 24 -5.089869679908341
0 25 -10.179739359816683
0 26 -5.90550523074303
0 27 -11.81101046148606
0 28 1.0501884974755797
0 29 2.1003769949511595
0 30 2.1839180649514134
0 31 4.367836129902827
0 32 -0.560177994789527
0 33 -1.120355989579054
0 34 -3.3257797419365507
0 35 -6.651559483873101
0 36 -1.1989196451892004
0 37 -2.3978392903784007
0 38 3.005287473162483
0 39 6.010574946324966
1 45.80558012664357
1 2 1.3600232051658168e-15
1 3 2.7200464103316335e-15
1 4 -4.326369977821393
1 5 -8.652739955642787
1 6 -0.8946485405895401
1 7 -1.7892970811790803
1 8 -4.9176750369759334
1 9 -9.835350073951867
1 10 3.3977156066079233
1 11 6.7954312132158465
1 12 -0.8003647426349934
1 13 -1.6007294852699867
1 14 8.911696466908888
1 15 17.823392933817775
1 16 -5.963912907396095
1 17 -11.92782581479219
1 18 -0.25199914013800884
1 19 -0.5039982802760177
1 20 3.2296374451528322
1 21 6.4592748903056645
1 22 -3.224611968231942
1 23 -6.449223936463884
1 24 -10.179739359816683
1 25 -20.359478719633366
1 26 -11.81101046148606
1 27 -23.62202092297212
1 28 2.1003769949511595
1 29 4.200753989902319
1 30 4.367836129902827
1 31 8.735672259805654
1 32 -1.120355989579054
1 33 -2.240711979158108
1 34 -6.651559483873101
1 35 -13.303118967746203
1 36 -2.3978392903784007
1 37 -4.795678580756801
1 38 6.010574946324966
1 39 12.021149892649932
2 3.175896335664908
2 3 21.042426581425275
2 4 0.44732427029476973
2 5 0.8946485405895395
2 6 -2.1631849889106967
2 7 -4.326369977821393
2 8 -1.6988578033039619
2 9 -3.3977156066079237
2 10 -2.4588375184879667
2 11 -4.9176750369759334
2 12 -4.455848233454444
2 13 -8.911696466908888
2 14 -0.4001823713174967
2 15 -0.8003647426349934
2 16 0.12599957006900386
2 17 0.2519991401380077
2 18 -2.9819564536980483
2 19 -5.963912907396097
2 20 1.612305984115971
2 21 3.224611968231942
2 22 1.6148187225764163
2 23 3.2296374451528327
2 24 5.905505230743028
2 25 11.811010461486056
2 26 -5.089869679908341
2 27 -10.179739359816683
2 28 -2.183918064951413
2 29 -4.367836129902826
2 30 1.05018849747558
2 31 2.10037699495116
2 32 3.3257797419365507
2 33 6.651559483873101
2 34 -0.560177994789527
2 35 -1.120355989579054
2 36 -3.0052874731624835
2 37 -6.010574946324967
2 38 -1.1989196451892004
2 39 -2.3978392903784007
3 16.873005962042456
3 4 0.8946485405895395
3 5 1.789297081179079
3 6 -4.326369977821393
3 7 -8.652739955642787
3 8 -3.3977156066079237
3 9 -6.795431213215847
3 10 -4.9176750369759334
3 11 -9.835350073951867
3 12 -8.911696466908888
3 13 -17.823392933817775
3 14 -0.8003647426349934
3 15 -1.6007294852699867
3 16 0.2519991401380077
3 17 0.5039982802760155
3 18 -5.963912907396097
3 19 -11.927825814792193
3 20 3.224611968231942
3 21 6.449223936463884
3 22 3.2296374451528327
3 23 6.459274890305665
3 24 11.811010461486056
3 25 23.622020922972112
3 26 -10.179739359816683
3 27 -20.359478719633366
3 28 -4.367836129902826
3 29 -8.735672259805652
3 30 2.10037699495116
3 31 4.20075398990232
3 32 6.651559483873101
3 33 13.303118967746203
3 34 -1.120355989579054
3 35 -2.240711979158108
3 36 -6.010574946324967
3 37 -12.021149892649934
3 38 -2.3978392903784007
3 39 -4.795678580756801
4 -21.034096424885558
4 5 18.425067629310192
4 6 0.0
4 7 0.0
4 8 -0.04020064860899885
4 9 -0.0804012972179977
4 10 -0.8874097224642363
4 11 -1.7748194449284727
4 12 -3.4271667665829204
4 13 -6.854333533165841
4 14 -0.4461277062640612
4 15 -0.8922554125281223
4 16 1.5325474720728958
4 17 3.0650949441457915
4 18 1.1969060288503566
4 19 2.393812057700713
4 20 -2.4837193244827924
4 21 -4.967438648965585
4 22 4.401857365329688
4 23 8.803714730659376
4 24 -0.5515046826487984
4 25 -1.1030093652975967
4 26 2.4950545161168183
4 27 4.9901090322336366
4 28 -1.172719916805161
4 29 -2.345439833610322
4 30 1.84597182122794
4 31 3.69194364245588
4 32 1.4399797756048511
4 33 2.8799595512097023
4 34 -0.4400590065990766
4 35 -0.8801180131981532
4 36 -0.9638190001038622
4 37 -1.9276380002077245
4 38 -5.488071094830468
4 39 -10.976142189660935
5 -32.85565903511602
5 6 0.0
5 7 0.0
5 8 -0.0804012972179977
5 9 -0.1608025944359954
5 10 -1.7748194449284727
5 11 -3.5496388898569453
5 12 -6.854333533165841
5 13 -13.708667066331682
5 14 -0.8922554125281223
5 15 -1.7845108250562447
5 16 3.0650949441457915
5 17 6.130189888291583
5 18 2.393812057700713
5 19 4.787624115401426
5 20 -4.967438648965585
5 21 -9.93487729793117
5 22 8.803714730659376
5 23 17.607429461318752
5 24 -1.1030093652975967
5 25 -2.2060187305951935
5 26 4.9901090322336366
5 27 9.980218064467273
5 28 -2.345439833610322
5 29 -4.690879667220644
5 30 3.69194364245588
5 31 7.38388728491176
5 32 2.8799595512097023
5 33 5.7599191024194045
5 34 -0.8801180131981532
5 35 -1.7602360263963064
5 36 -1.9276380002077245
5 37 -3.855276000415449
5 38 -10.976142189660935
5 39 -21.95228437932187
6 11.69832768822209
6 7 18.425067629310192
6 8 0.8874097224642363
6 9 1.7748194449284727
6 10 -0.04020064860899896
6 11 -0.08040129721799792
6 12 0.4461277062640605
6 13 0.892255412528121
6 14 -3.42716676658292
6 15 -6.85433353316584
6 16 -1.1969060288503564
6 17 -2.3938120577007127
6 18 1.5325474720728958
6 19 3.0650949441457915
6 20 -4.401857365329689
6 21 -8.803714730659378
6 22 -2.4837193244827924
6 23 -4.967438648965585
6 24 -2.495054516116818
6 25 -4.990109032233636
6 26 -0.5515046826487985
6 27 -1.103009365297597
6 28 -1.8459718212279395
6 29 -3.691943642455879
6 30 -1.172719916805161
6 31 -2.345439833610322
6 32 0.4400590065990766
6 33 0.8801180131981532
6 34 1.439979775604851
6 35 2.879959551209702
6 36 5.488071094830468
6 37 10.976142189660935
6 38 -0.9638190001038613
6 39 -1.9276380002077227
7 32.609189191099276
7 8 1.7748194449284727
7 9 3.5496388898569453
7 10 -0.08040129721799792
7 11 -0.16080259443599584
7 12 0.892255412528121
7 13 1.784510825056242
7 14 -6.85433353316584
7 15 -13.70866706633168
7 16 -2.3938120577007127
7 17 -4.787624115401425
7 18 3.0650949441457915
7 19 6.130189888291583
7 20 -8.803714730659378
7 21 -17.607429461318755
7 22 -4.967438648965585
7 23 -9.93487729793117
7 24 -4.990109032233636
7 25 -9.980218064467271
7 26 -1.103009365297597
7 27 -2.206018730595194
7 28 -3.691943642455879
7 29 -7.383887284911758
7 30 -2.345439833610322
7 31 -4.690879667220644
7 32 0.8801180131981532
7 33 1.7602360263963064
7 34 2.879959551209702
7 35 5.759919102419404
7 36 10.976142189660935
7 37 21.95228437932187
7 38 -1.9276380002077227
7 39 -3.8552760004154454
8 14.483539330806634
8 9 12.967273546484332
8 10 2.7755575615628914e-16
8 11 5.551115123125783e-16
8 12 0.7012652225690277
8 13 1.4025304451380554
8 14 1.0423820313788181
8 15 2.0847640627576363
8 16 0.6322049906323746
8 17 1.2644099812647491
8 18 0.08222353779965075
8 19 0.1644470755993015
8 20 1.0548939873832992
8 21 2.1097879747665984
8 22 -1.5083125073064354
8 23 -3.016625014612871
8 24 -1.434442847176482
8 25 -2.868885694352964
8 26 2.9883915751648207
8 27 5.976783150329641
8 28 -2.4124093387429655
8 29 -4.824818677485931
8 30 0.8174080999376692
8 31 1.6348161998753383
8 32 -0.43133797882452574
8 33 -0.8626759576490515
8 34 0.34497042376250264
8 35 0.6899408475250053
8 36 3.823522922791902
8 37 7.647045845583804
8 38 -4.369638475653068
8 39 -8.739276951306136
9 35.45071543485543
9 10 5.551115123125783e-16
9 11 1.1102230246251565e-15
9 12 1.4025304451380554
9 13 2.8050608902761107
9 14 2.0847640627576363
9 15 4.1695281255152725
9 16 1.2644099812647491
9 17 2.5288199625294983
9 18 0.1644470755993015
9 19 0.328894151198603
9 20 2.1097879747665984
9 21 4.219575949533197
9 22 -3.016625014612871
9 23 -6.033250029225742
9 24 -2.868885694352964
9 25 -5.737771388705928
9 26 5.976783150329641
9 27 11.953566300659283
9 28 -4.824818677485931
9 29 -9.649637354971862
9 30 1.6348161998753383
9 31 3.2696323997506767
9 32 -0.8626759576490515
9 33 -1.725351915298103
9 34 0.6899408475250053
9 35 1.3798816950500106
9 36 7.647045845583804
9 37 15.294091691167608
9 38 -8.739276951306136
9 39 -17.478553902612273
10 -6.777985630976513
10 11 12.967273546484332
10 12 -1.0423820313788177
10 13 -2.0847640627576354
10 14 0.7012652225690277
10 15 1.4025304451380554
10 16 -0.08222353779965097
10 17 -0.16444707559930194
10 18 0.6322049906323747
10 19 1.2644099812647493
10 20 1.5083125073064352
10 21 3.0166250146128704
10 22 1.054893987383299
10 23 2.109787974766598
10 24 -2.9883915751648207
10 25 -5.976783150329641
10 26 -1.4344428471764819
10 27 -2.8688856943529637
10 28 -0.8174080999376692
10 29 -1.6348161998753383
10 30 -2.412409338742966
10 31 -4.824818677485932
10 32 -0.34497042376250275
10 33 -0.6899408475250055
10 34 -0.43133797882452596
10 35 -0.8626759576490519
10 36 4.369638475653068
10 37 8.739276951306136
10 38 3.823522922791902
10 39 7.647045845583804
11 -7.07233448871086
11 12 -2.0847640627576354
11 13 -4.169528125515271
11 14 1.4025304451380554
11 15 2.8050608902761107
11 16 -0.16444707559930194
11 17 -0.3288941511986039
11 18 1.2644099812647493
11 19 2.5288199625294987
11 20 3.0166250146128704
11 21 6.033250029225741
11 22 2.109787974766598
11 23 4.219575949533196
11 24 -5.976783150329641
11 25 -11.953566300659283
11 26 -2.8688856943529637
11 27 -5.737771388705927
11 28 -1.6348161998753383
11 29 -3.2696323997506767
11 30 -4.824818677485932
11 31 -9.649637354971864
11 32 -0.6899408475250055
11 33 -1.379881695050011
11 34 -0.8626759576490519
11 35 -1.7253519152981038
11 36 8.739276951306136
11 37 17.478553902612273
11 38 7.647045845583804
11 39 15.294091691167608
12 14.990467844215011
12 13 16.06684687329598
12 14 5.551115123125783e-16
12 15 1.1102230246251565e-15
12 16 -0.6688769106103065
12 17 -1.337753821220613
12 18 -0.5160674794504702
12 19 -1.0321349589009403
12 20 -1.9428976631771622
12 21 -3.8857953263543243
12 22 -2.1528172623507142
12 23 -4.3056345247014285
12 24 -2.6749567084794523
12 25 -5.349913416958905
12 26 2.820040295121495
12 27 5.64008059024299
12 28 4.4187870898171235
12 29 8.837574179634247
12 30 0.24058473048067694
12 31 0.4811694609613539
12 32 -3.1172473060213064
12 33 -6.234494612042613
12 34 -2.2176277245558946
12 35 -4.435255449111789
12 36 0.2707216291803114
12 37 0.5414432583606228
12 38 2.4165685702546815
12 39 4.833137140509363
13 38.014359125078016
13 14 1.1102230246251565e-15
13 15 2.220446049250313e-15
13 16 -1.337753821220613
13 17 -2.675507642441226
13 18 -1.0321349589009403
13 19 -2.0642699178018806
13 20 -3.8857953263543243
13 21 -7.771590652708649
13 22 -4.3056345247014285
13 23 -8.611269049402857
13 24 -5.349913416958905
13 25 -10.69982683391781
13 26 5.64008059024299
13 27 11.28016118048598
13 28 8.837574179634247
13 29 17.675148359268494
13 30 0.4811694609613539
13 31 0.9623389219227078
13 32 -6.234494612042613
13 33 -12.468989224085226
13 34 -4.435255449111789
13 35 -8.870510898223579
13 36 0.5414432583606228
13 37 1.0828865167212456
13 38 4.833137140509363
13 39 9.666274281018726
14 -1.463019559989113
14 15 16.06684687329598
14 16 0.51606747945047
14 17 1.03213495890094
14 18 -0.6688769106103067
14 19 -1.3377538212206135
14 20 2.1528172623507134
14 21 4.305634524701427
14 22 -1.9428976631771622
14 23 -3.8857953263543243
14 24 -2.820040295121495
14 25 -5.64008059024299
14 26 -2.6749567084794523
14 27 -5.349913416958905
14 28 -0.24058473048067658
14 29 -0.48116946096135316
14 30 4.4187870898171235
14 31 8.837574179634247
14 32 2.217627724555894
14 33 4.435255449111788
14 34 -3.1172473060213064
14 35 -6.234494612042613
14 36 -2.4165685702546815
14 37 -4.833137140509363
14 38 0.27072162918031123
14 39 0.5414432583606225
15 5.107384316669766
15 16 1.03213495890094
15 17 2.06426991780188
15 18 -1.3377538212206135
15 19 -2.675507642441227
15 20 4.305634524701427
15 21 8.611269049402853
15 22 -3.8857953263543243
15 23 -7.771590652708649
15 24 -5.64008059024299
15 25 -11.28016118048598
15 26 -5.349913416958905
15 27 -10.69982683391781
15 28 -0.48116946096135316
15 29 -0.9623389219227063
15 30 8.837574179634247
15 31 17.675148359268494
15 32 4.435255449111788
15 33 8.870510898223577
15 34 -6.234494612042613
15 35 -12.468989224085226
15 36 -4.833137140509363
15 37 -9.666274281018726
15 38 0.5414432583606225
15 39 1.082886516721245
16 -26.707214954918005
16 17 16.02278821143412
16 18 6.106226635438361e-16
16 19 1.2212453270876722e-15
16 20 1.519993432587814
16 21 3.039986865175628
16 22 2.4079220178886973
16 23 4.815844035777395
16 24 1.1475237367140072
16 25 2.2950474734280144
16 26 2.2833814198535594
16 27 4.566762839707119
16 28 -0.24840576818733506
16 29 -0.4968115363746701
16 30 0.5594134153669279
16 31 1.1188268307338558
16 32 0.7672944663222845
16 33 1.534588932644569
16 34 1.165165124340527
16 35 2.330330248681054
16 36 2.4595019992854916
16 37 4.919003998570983
16 38 -0.9642671994003968
16 39 -1.9285343988007937
17 -45.40303580411894
17 18 1.2212453270876722e-15
17 19 2.4424906541753444e-15
17 20 3.039986865175628
17 21 6.079973730351256
17 22 4.815844035777395
17 23 9.63168807155479
17 24 2.2950474734280144
17 25 4.590094946856029
17 26 4.566762839707119
17 27 9.133525679414237
17 28 -0.4968115363746701
17 29 -0.9936230727493403
17 30 1.1188268307338558
17 31 2.2376536614677116
17 32 1.534588932644569
17 33 3.069177865289138
17 34 2.330330248681054
17 35 4.660660497362108
17 36 4.919003998570983
17 37 9.838007997141966
17 38 -1.9285343988007937
17 39 -3.8570687976015874
18 -25.68093129824735
18 19 16.02278821143412
18 20 -2.4079220178886973
18 21 -4.815844035777395
18 22 1.5199934325878144
18 23 3.0399868651756288
18 24 -2.283381419853559
18 25 -4.566762839707118
18 26 1.1475237367140072
18 27 2.2950474734280144
18 28 -0.5594134153669283
18 29 -1.1188268307338567
18 30 -0.2484057681873354
18 31 -0.4968115363746708
18 32 -1.1651651243405268
18 33 -2.3303302486810535
18 34 0.7672944663222845
18 35 1.534588932644569
18 36 0.9642671994003973
18 37 1.9285343988007946
18 38 2.4595019992854916
18 39 4.919003998570983
19 -43.350468490777644
19 20 -4.815844035777395
19 21 -9.63168807155479
19 22 3.0399868651756288
19 23 6.0799737303512575
19 24 -4.566762839707118
19 25 -9.133525679414236
19 26 2.2950474734280144
19 27 4.590094946856029
19 28 -1.1188268307338567
19 29 -2.2376536614677134
19 30 -0.4968115363746708
19 31 -0.9936230727493416
19 32 -2.3303302486810535
19 33 -4.660660497362107
19 34 1.534588932644569
19 35 3.069177865289138
19 36 1.9285343988007946
19 37 3.857068797601589
19 38 4.919003998570983
19 39 9.838007997141966
20 1.4922810335794572
20 21 20.886660151508885
20 22 7.216449660063518e-16
20 23 1.4432899320127035e-15
20 24 1.851504672427331
20 25 3.703009344854662
20 26 0.5618539087452651
20 27 1.1237078174905302
20 28 1.3968177566017996
20 29 2.7936355132035993
20 30 2.9499922309655067
20 31 5.899984461931013
20 32 1.5858591008568785
20 33 3.171718201713757
20 34 -0.5800291547911833
20 35 -1.1600583095823667
20 36 -0.6284732241059592
20 37 -1.2569464482119184
20 38 1.0423830642525345
20 39 2.084766128505069
21 13.427892142913354
21 22 1.4432899320127035e-15
21 23 2.886579864025407e-15
21 24 3.703009344854662
21 25 7.406018689709324
21 26 1.1237078174905302
21 27 2.2474156349810603
21 28 2.7936355132035993
21 29 5.5872710264071985
21 30 5.899984461931013
21 31 11.799968923862027
21 32 3.171718201713757
21 33 6.343436403427514
21 34 -1.1600583095823667
21 35 -2.3201166191647333
21 36 -1.2569464482119184
21 37 -2.5138928964238367
21 38 2.084766128505069
21 39 4.169532257010138
22 -29.632416581210972
22 23 20.886660151508885
22 24 -0.5618539087452649
22 25 -1.1237078174905297
22 26 1.8515046724273312
22 27 3.7030093448546624
22 28 -2.9499922309655062
22 29 -5.8999844619310124
22 30 1.396817756601799
22 31 2.793635513203598
22 32 0.5800291547911831
22 33 1.1600583095823662
22 34 1.5858591008568783
22 35 3.1717182017137566
22 36 -1.0423830642525347
22 37 -2.0847661285050694
22 38 -0.6284732241059596
22 39 -1.2569464482119193
23 -48.821503086667505
23 24 -1.1237078174905297
23 25 -2.2474156349810595
23 26 3.7030093448546624
23 27 7.406018689709325
23 28 -5.8999844619310124
23 29 -11.799968923862025
23 30 2.793635513203598
23 31 5.587271026407196
23 32 1.1600583095823662
23 33 2.3201166191647324
23 34 3.1717182017137566
23 35 6.343436403427513
23 36 -2.0847661285050694
23 37 -4.169532257010139
23 38 -1.2569464482119193
23 39 -2.5138928964238385
24 8.311518530937061
24 25 20.508382170860394
24 26 6.661338147750939e-16
24 27 1.3322676295501878e-15
24 28 0.7714383910419026
24 29 1.5428767820838052
24 30 -1.4875099334327055
24 31 -2.975019866865411
24 32 1.5254937103210844
24 33 3.0509874206421688
24 34 3.551290978024588
24 35 7.102581956049176
24 36 -3.9887580477946902
24 37 -7.9775160955893805
24 38 -2.2083725505643903
24 39 -4.416745101128781
25 26.877228147304322
25 26 1.3322676295501878e-15
25 27 2.6645352591003757e-15
25 28 1.5428767820838052
25 29 3.0857535641676104
25 30 -2.975019866865411
25 31 -5.950039733730822
25 32 3.0509874206421688
25 33 6.1019748412843375
25 34 7.102581956049176
25 35 14.205163912098351
25 36 -7.9775160955893805
25 37 -15.955032191178761
25 38 -4.416745101128781
25 39 -8.833490202257561
26 -0.020319620976525954
26 27 20.508382170860394
26 28 1.4875099334327058
26 29 2.9750198668654115
26 30 0.7714383910419025
26 31 1.542876782083805
26 32 -3.5512909780245874
26 33 -7.102581956049175
26 34 1.5254937103210844
26 35 3.0509874206421688
26 36 2.20837255056439
26 37 4.41674510112878
26 38 -3.9887580477946907
26 39 -7.977516095589381
27 10.213551843477145
27 28 2.9750198668654115
27 29 5.950039733730823
27 30 1.542876782083805
27 31 3.08575356416761
27 32 -7.102581956049175
27 33 -14.20516391209835
27 34 3.0509874206421688
27 35 6.1019748412843375
27 36 4.41674510112878
27 37 8.83349020225756
27 38 -7.977516095589381
27 39 -15.955032191178763
28 4.074084185604805
28 29 16.717473539450882
28 30 2.220446049250313e-16
28 31 4.440892098500626e-16
28 32 -1.9924062370366553
28 33 -3.9848124740733106
28 34 -2.46959433151407
28 35 -4.93918866302814
28 36 -2.363613759533005
28 37 -4.72722751906601
28 38 2.5567239625373275
28 39 5.113447925074655
29 16.506905140935054
29 30 4.440892098500626e-16
29 31 8.881784197001252e-16
29 32 -3.9848124740733106
29 33 -7.969624948146621
29 34 -4.93918866302814
29 35 -9.87837732605628
29 36 -4.72722751906601
29 37 -9.45445503813202
29 38 5.113447925074655
29 39 10.22689585014931
30 -12.5113944925663
30 31 16.717473539450882
30 32 2.46959433151407
30 33 4.93918866302814
30 34 -1.9924062370366553
30 35 -3.9848124740733106
30 36 -2.556723962537328
30 37 -5.113447925074656
30 38 -2.363613759533005
30 39 -4.72722751906601
31 -16.66405221540716
31 32 4.93918866302814
31 33 9.87837732605628
31 34 -3.9848124740733106
31 35 -7.969624948146621
31 36 -5.113447925074656
31 37 -10.226895850149312
31 38 -4.72722751906601
31 39 -9.45445503813202
32 -19.3597815135338
32 33 19.121366256807498
32 34 5.551115123125783e-16
32 35 1.1102230246251565e-15
32 36 -0.7847227892357719
32 37 -1.5694455784715438
32 38 -0.8058803123608167
32 39 -1.6117606247216334
33 -29.158879898663855
33 34 1.1102230246251565e-15
33 35 2.220446049250313e-15
33 36 -1.5694455784715438
33 37 -3.1388911569430875
33 38 -1.6117606247216334
33 39 -3.223521249443267
34 3.7333972837750142
34 35 19.121366256807498
34 36 0.8058803123608169
34 37 1.6117606247216338
34 38 -0.7847227892357718
34 39 -1.5694455784715435
35 17.027477695953777
35 36 1.6117606247216338
35 37 3.2235212494432677
35 38 -1.5694455784715435
35 39 -3.138891156943087
36 0.1273074741382283
36 37 27.275589550638827
36 38 6.661338147750939e-16
36 39 1.3322676295501878e-15
37 13.892409723595868
37 38 1.3322676295501878e-15
37 39 2.6645352591003757e-15
38 -16.731077982635547
38 39 27.275589550638827
39 -19.824361189951684
