40
1100111011000101001101001111110110110001
0 1.9274917652575243
0 1 18.440790546241434
0 2 4.440892098500626e-16
0 3 8.881784197001252e-16
0 4 0.4806471508143244
0 5 0.9612943016286488
0 6 0.021041194623454385
0 7 0.04208238924690877
0 8 -1.6635865064235116
0 9 -3.327173012847023
0 10 -0.3132881371354698
0 11 -0.6265762742709396
0 12 0.7703693246243617
0 13 1.5407386492487234
0 14 -0.8823234653450618
0 15 -1.7646469306901236
0 16 -1.4981937985470088
0 17 -2.9963875970940177
0 18 -0.3083513682303109
0 19 -0.6167027364606218
0 20 -0.4307428668878709
0 21 -0.8614857337757418
0 22 3.7093081351364283
0 23 7.418616270272857
0 24 -2.9886544183947388
0 25 -5.9773088367894776
0 26 1.3508363524659524
0 27 2.7016727049319047
0 28 3.0160286053662295
0 29 6.032057210732459
0 30 1.0987786650119076
0 31 2.197557330023815
0 32 1.518741625781567
0 33 3.037483251563134
0 34 1.3613027587115065
0 35 2.722605517423013
0 36 0.9283473197948975
0 37 1.856694639589795
0 38 -1.5193024341632178
0 39 -3.0386048683264355
1 13.075378803635765
1 2 8.881784197001252e-16
1 3 1.7763568394002505e-15
1 4 0.9612943016286488
1 5 1.9225886032572976
1 6 0.04208238924690877
1 7 0.08416477849381754
1 8 -3.327173012847023
1 9 -6.654346025694046
1 10 -0.6265762742709396
1 11 -1.2531525485418793
1 12 1.5407386492487234
1 13 3.081477298497447
1 14 -1.7646469306901236
1 15 -3.529293861380247
1 16 -2.9963875970940177
1 17 -5.992775194188035
1 18 -0.6167027364606218
1 19 -1.2334054729212436
1 20 -0.8614857337757418
1 21 -1.7229714675514836
1 22 7.418616270272857
1 23 14.837232540545713
1 24 -5.9773088367894776
1 25 -11.954617673578955
1 26 2.7016727049319047
1 27 5.403345409863809
1 28 6.032057210732459
1 29 12.064114421464918
1 30 2.197557330023815
1 31 4.39511466004763
1 32 3.037483251563134
1 33 6.074966503126268
1 34 2.722605517423013
1 35 5.445211034846026
1 36 1.856694639589795
1 37 3.71338927917959
1 38 -3.0386048683264355
1 39 -6.077209736652871
2 1.212605615221202
2 3 18.440790546241434
2 4 -0.02104119462345433
2 5 -0.04208238924690866
2 6 0.48064715081432446
2 7 0.9612943016286489
2 8 0.3132881371354697
2 9 0.6265762742709394
2 10 -1.663586506423512
2 11 -3.327173012847024
2 12 0.8823234653450616
2 13 1.7646469306901231
2 14 0.7703693246243616
2 15 1.5407386492487232
2 16 0.3083513682303108
2 17 0.6167027364606216
2 18 -1.4981937985470088
2 19 -2.9963875970940177
2 20 -3.7093081351364283
2 21 -7.418616270272857
2 22 -0.4307428668878709
2 23 -0.8614857337757418
2 24 -1.3508363524659526
2 25 -2.701672704931905
2 26 -2.9886544183947397
2 27 -5.977308836789479
2 28 -1.0987786650119074
2 29 -2.1975573300238147
2 30 3.016028605366229
2 31 6.032057210732458
2 32 -1.361302758711506
2 33 -2.722605517423012
2 34 1.518741625781567
2 35 3.037483251563134
2 36 1.519302434163218
2 37 3.038604868326436
2 38 0.9283473197948975
2 39 1.856694639589795
3 11.645606503563119
3 4 -0.04208238924690866
3 5 -0.08416477849381732
3 6 0.9612943016286489
3 7 1.9225886032572979
3 8 0.6265762742709394
3 9 1.2531525485418789
3 10 -3.327173012847024
3 11 -6.654346025694048
3 12 1.7646469306901231
3 13 3.5292938613802463
3 14 1.5407386492487232
3 15 3.0814772984974463
3 16 0.6167027364606216
3 17 1.2334054729212431
3 18 -2.9963875970940177
3 19 -5.992775194188035
3 20 -7.418616270272857
3 21 -14.837232540545713
3 22 -0.8614857337757418
3 23 -1.7229714675514836
3 24 -2.701672704931905
3 25 -5.40334540986381
3 26 -5.977308836789479
3 27 -11.954617673578959
3 28 -2.1975573300238147
3 29 -4.395114660047629
3 30 6.032057210732458
3 31 12.064114421464916
3 32 -2.722605517423012
3 33 -5.445211034846024
3 34 3.037483251563134
3 35 6.074966503126268
3 36 3.038604868326436
3 37 6.077209736652872
3 38 1.856694639589795
3 39 3.71338927917959
4 6.05551959835106
4 5 13.194881051212104
4 6 0.0
4 7 0.0
4 8 0.5757093330445432
4 9 1.1514186660890864
4 10 -2.7759285341612365
4 11 -5.551857068322473
4 12 0.008981135396475048
4 13 0.017962270792950097
4 14 1.8686641376722553
4 15 3.7373282753445105
4 16 -3.4375317977736426
4 17 -6.875063595547285
4 18 -1.6024599141859666
4 19 -3.204919828371933
4 20 1.1468902163881711
4 21 2.2937804327763422
4 22 1.947585271505189
4 23 3.895170543010378
4 24 -2.146841038199565
4 25 -4.29368207639913
4 26 1.246667185610177
4 27 2.493334371220354
4 28 0.9840976994994232
4 29 1.9681953989988463
4 30 -0.7067764528974647
4 31 -1.4135529057949294
4 32 0.7445066247763862
4 33 1.4890132495527724
4 34 -0.3729420496209763
4 35 -0.7458840992419526
4 36 -1.2942888190693338
4 37 -2.5885776381386676
4 38 -4.3671672081209145
4 39 -8.734334416241829
5 18.70847972230817
5 6 0.0
5 7 0.0
5 8 1.1514186660890864
5 9 2.3028373321781728
5 10 -5.551857068322473
5 11 -11.103714136644946
5 12 0.017962270792950097
5 13 0.035924541585900194
5 14 3.7373282753445105
5 15 7.474656550689021
5 16 -6.875063595547285
5 17 -13.75012719109457
5 18 -3.204919828371933
5 19 -6.409839656743866
5 20 2.2937804327763422
5 21 4.5875608655526845
5 22 3.895170543010378
5 23 7.790341086020756
5 24 -4.29368207639913
5 25 -8.58736415279826
5 26 2.493334371220354
5 27 4.986668742440708
5 28 1.9681953989988463
5 29 3.9363907979976926
5 30 -1.4135529057949294
5 31 -2.827105811589859
5 32 1.4890132495527724
5 33 2.9780264991055447
5 34 -0.7458840992419526
5 35 -1.4917681984839053
5 36 -2.5885776381386676
5 37 -5.177155276277335
5 38 -8.734334416241829
5 39 -17.468668832483658
6 4.002681281235516
6 7 13.194881051212104
6 8 2.7759285341612365
6 9 5.551857068322473
6 10 0.5757093330445431
6 11 1.1514186660890862
6 12 -1.868664137672255
6 13 -3.73732827534451
6 14 0.008981135396475048
6 15 0.017962270792950097
6 16 1.6024599141859666
6 17 3.204919828371933
6 18 -3.4375317977736426
6 19 -6.875063595547285
6 20 -1.947585271505189
6 21 -3.895170543010378
6 22 1.1468902163881713
6 23 2.2937804327763427
6 24 -1.2466671856101772
6 25 -2.4933343712203544
6 26 -2.1468410381995646
6 27 -4.293682076399129
6 28 0.7067764528974647
6 29 1.4135529057949294
6 30 0.9840976994994234
6 31 1.9681953989988468
6 32 0.3729420496209763
6 33 0.7458840992419526
6 34 0.7445066247763862
6 35 1.4890132495527724
6 36 4.3671672081209145
6 37 8.734334416241829
6 38 -1.2942888190693338
6 39 -2.5885776381386676
7 14.602803088077083
7 8 5.551857068322473
7 9 11.103714136644946
7 10 1.1514186660890862
7 11 2.3028373321781723
7 12 -3.73732827534451
7 13 -7.47465655068902
7 14 0.017962270792950097
7 15 0.035924541585900194
7 16 3.204919828371933
7 17 6.409839656743866
7 18 -6.875063595547285
7 19 -13.75012719109457
7 20 -3.895170543010378
7 21 -7.790341086020756
7 22 2.2937804327763427
7 23 4.587560865552685
7 24 -2.4933343712203544
7 25 -4.986668742440709
7 26 -4.293682076399129
7 27 -8.587364152798258
7 28 1.4135529057949294
7 29 2.827105811589859
7 30 1.9681953989988468
7 31 3.9363907979976935
7 32 0.7458840992419526
7 33 1.4917681984839053
7 34 1.4890132495527724
7 35 2.9780264991055447
7 36 8.734334416241829
7 37 17.468668832483658
7 38 -2.5885776381386676
7 39 -5.177155276277335
8 21.2100723667979
8 9 27.91147712099339
8 10 9.992007221626409e-16
8 11 1.9984014443252818e-15
8 12 0.5268308019197208
8 13 1.0536616038394415
8 14 -2.1629972399307724
8 15 -4.325994479861545
8 16 -0.9805766063561172
8 17 -1.9611532127122344
8 18 -1.0166733815825506
8 19 -2.033346763165101
8 20 -6.215059714390184
8 21 -12.430119428780367
8 22 0.9134655191908394
8 23 1.8269310383816788
8 24 1.1763828924739126
8 25 2.352765784947825
8 26 -6.764903874135749
8 27 -13.529807748271498
8 28 5.190239274554089
8 29 10.380478549108178
8 30 -1.2627115653667107
8 31 -2.5254231307334214
8 32 0.9207217602400815
8 33 1.841443520480163
8 34 0.67458320553569
8 35 1.34916641107138
8 36 -0.3923473763210922
8 37 -0.7846947526421844
8 38 -4.25752502641843
8 39 -8.51505005283686
9 56.37588329409249
9 10 1.9984014443252818e-15
9 11 3.9968028886505635e-15
9 12 1.0536616038394415
9 13 2.107323207678883
9 14 -4.325994479861545
9 15 -8.65198895972309
9 16 -1.9611532127122344
9 17 -3.922306425424469
9 18 -2.033346763165101
9 19 -4.066693526330202
9 20 -12.430119428780367
9 21 -24.860238857560734
9 22 1.8269310383816788
9 23 3.6538620767633576
9 24 2.352765784947825
9 25 4.70553156989565
9 26 -13.529807748271498
9 27 -27.059615496542996
9 28 10.380478549108178
9 29 20.760957098216355
9 30 -2.5254231307334214
9 31 -5.050846261466843
9 32 1.841443520480163
9 33 3.682887040960326
9 34 1.34916641107138
9 35 2.69833282214276
9 36 -0.7846947526421844
9 37 -1.5693895052843687
9 38 -8.51505005283686
9 39 -17.03010010567372
10 -10.475756748196464
10 11 27.91147712099339
10 12 2.162997239930773
10 13 4.325994479861546
10 14 0.5268308019197208
10 15 1.0536616038394415
10 16 1.0166733815825504
10 17 2.0333467631651008
10 18 -0.9805766063561172
10 19 -1.9611532127122344
10 20 -0.9134655191908398
10 21 -1.8269310383816797
10 22 -6.215059714390183
10 23 -12.430119428780365
10 24 6.764903874135751
10 25 13.529807748271502
10 26 1.1763828924739124
10 27 2.3527657849478247
10 28 1.262711565366711
10 29 2.525423130733422
10 30 5.190239274554089
10 31 10.380478549108178
10 32 -0.6745832055356897
10 33 -1.3491664110713795
10 34 0.9207217602400815
10 35 1.841443520480163
10 36 4.25752502641843
10 37 8.51505005283686
10 38 -0.3923473763210924
10 39 -0.7846947526421848
11 -6.9957749358962324
11 12 4.325994479861546
11 13 8.651988959723091
11 14 1.0536616038394415
11 15 2.107323207678883
11 16 2.0333467631651008
11 17 4.0666935263302015
11 18 -1.9611532127122344
11 19 -3.922306425424469
11 20 -1.8269310383816797
11 21 -3.6538620767633594
11 22 -12.430119428780365
11 23 -24.86023885756073
11 24 13.529807748271502
11 25 27.059615496543003
11 26 2.3527657849478247
11 27 4.7055315698956495
11 28 2.525423130733422
11 29 5.050846261466844
11 30 10.380478549108178
11 31 20.760957098216355
11 32 -1.3491664110713795
11 33 -2.698332822142759
11 34 1.841443520480163
11 35 3.682887040960326
11 36 8.51505005283686
11 37 17.03010010567372
11 38 -0.7846947526421848
11 39 -1.5693895052843696
12 -18.116118472565713
12 13 21.034705126181834
12 14 6.661338147750939e-16
12 15 1.3322676295501878e-15
12 16 -0.1577486994970746
12 17 -0.3154973989941492
12 18 0.6883329075590744
12 19 1.3766658151181488
12 20 0.9470507171162352
12 21 1.8941014342324705
12 22 1.2700884960062822
12 23 2.5401769920125643
12 24 1.1481627333740085
12 25 2.296325466748017
12 26 0.13054230382261944
12 27 0.2610846076452389
12 28 -1.4379394081217798
12 29 -2.8758788162435596
12 30 1.2950879818542016
12 31 2.590175963708403
12 32 0.6489214362605876
12 33 1.2978428725211753
12 34 0.5844160189270582
12 35 1.1688320378541164
12 36 1.238158328816696
12 37 2.476316657633392
12 38 0.8020197120180181
12 39 1.6040394240360363
13 -25.714884382040513
13 14 1.3322676295501878e-15
13 15 2.6645352591003757e-15
13 16 -0.3154973989941492
13 17 -0.6309947979882984
13 18 1.3766658151181488
13 19 2.7533316302362976
13 20 1.8941014342324705
13 21 3.788202868464941
13 22 2.5401769920125643
13 23 5.080353984025129
13 24 2.296325466748017
13 25 4.592650933496034
13 26 0.2610846076452389
13 27 0.5221692152904778
13 28 -2.8758788162435596
13 29 -5.751757632487119
13 30 2.590175963708403
13 31 5.180351927416806
13 32 1.2978428725211753
13 33 2.5956857450423505
13 34 1.1688320378541164
13 35 2.3376640757082328
13 36 2.476316657633392
13 37 4.952633315266784
13 38 1.6040394240360363
13 39 3.2080788480720726
14 -22.688006138784996
14 15 21.034705126181837
14 16 -0.6883329075590743
14 17 -1.3766658151181486
14 18 -0.1577486994970746
14 19 -0.3154973989941492
14 20 -1.2700884960062822
14 21 -2.5401769920125643
14 22 0.9470507171162346
14 23 1.8941014342324691
14 24 -0.130542303822619
14 25 -0.261084607645238
14 26 1.1481627333740085
14 27 2.296325466748017
14 28 -1.2950879818542016
14 29 -2.590175963708403
14 30 -1.43793940812178
14 31 -2.87587881624356
14 32 -0.5844160189270583
14 33 -1.1688320378541166
14 34 0.6489214362605874
14 35 1.2978428725211748
14 36 -0.8020197120180182
14 37 -1.6040394240360365
14 38 1.238158328816695
14 39 2.47631665763339
15 -34.858659714479074
15 16 -1.3766658151181486
15 17 -2.753331630236297
15 18 -0.3154973989941492
15 19 -0.6309947979882984
15 20 -2.5401769920125643
15 21 -5.080353984025129
15 22 1.8941014342324691
15 23 3.7882028684649383
15 24 -0.261084607645238
15 25 -0.522169215290476
15 26 2.296325466748017
15 27 4.592650933496034
15 28 -2.590175963708403
15 29 -5.180351927416806
15 30 -2.87587881624356
15 31 -5.75175763248712
15 32 -1.1688320378541166
15 33 -2.337664075708233
15 34 1.2978428725211748
15 35 2.5956857450423496
15 36 -1.6040394240360365
15 37 -3.208078848072073
15 38 2.47631665763339
15 39 4.95263331526678
16 6.414467337342023
16 17 12.06888853740275
16 18 2.220446049250313e-16
16 19 4.440892098500626e-16
16 20 -2.205576675820957
16 21 -4.411153351641914
16 22 -1.1022285766174424
16 23 -2.204457153234885
16 24 0.0039208624206434894
16 25 0.007841724841286979
16 26 -2.2933901057375343
16 27 -4.586780211475069
16 28 -2.359375821457488
16 29 -4.718751642914976
16 30 -1.5471215333814736
16 31 -3.0942430667629472
16 32 -1.0677362545587328
16 33 -2.1354725091174656
16 34 -0.2690745546815223
16 35 -0.5381491093630446
16 36 -0.020789897101528565
16 37 -0.04157979420305713
16 38 1.3302817076546796
16 39 2.660563415309359
17 18.86337894338542
17 18 4.440892098500626e-16
17 19 8.881784197001252e-16
17 20 -4.411153351641914
17 21 -8.822306703283829
17 22 -2.204457153234885
17 23 -4.40891430646977
17 24 0.007841724841286979
17 25 0.015683449682573958
17 26 -4.586780211475069
17 27 -9.173560422950137
17 28 -4.718751642914976
17 29 -9.437503285829951
17 30 -3.0942430667629472
17 31 -6.1884861335258945
17 32 -2.1354725091174656
17 33 -4.270945018234931
17 34 -0.5381491093630446
17 35 -1.0762982187260892
17 36 -0.04157979420305713
17 37 -0.08315958840611426
17 38 2.660563415309359
17 39 5.321126830618718
18 -3.115663084438768
18 19 12.06888853740275
18 20 1.1022285766174424
18 21 2.204457153234885
18 22 -2.205576675820957
18 23 -4.411153351641914
18 24 2.2933901057375343
18 25 4.586780211475069
18 26 0.0039208624206437115
18 27 0.007841724841287423
18 28 1.5471215333814734
18 29 3.094243066762947
18 30 -2.359375821457488
18 31 -4.718751642914976
18 32 0.2690745546815223
18 33 0.5381491093630446
18 34 -1.067736254558733
18 35 -2.135472509117466
18 36 -1.3302817076546796
18 37 -2.660563415309359
18 38 -0.020789897101528426
18 39 -0.04157979420305685
19 -0.19688190017616236
19 20 2.204457153234885
19 21 4.40891430646977
19 22 -4.411153351641914
19 23 -8.822306703283829
19 24 4.586780211475069
19 25 9.173560422950137
19 26 0.007841724841287423
19 27 0.015683449682574846
19 28 3.094243066762947
19 29 6.188486133525894
19 30 -4.718751642914976
19 31 -9.437503285829951
19 32 0.5381491093630446
19 33 1.0762982187260892
19 34 -2.135472509117466
19 35 -4.270945018234932
19 36 -2.660563415309359
19 37 -5.321126830618718
19 38 -0.04157979420305685
19 39 -0.0831595884061137
20 8.246598901728085
20 21 25.328859959587902
20 22 0.0
20 23 0.0
20 24 -0.8927558454280329
20 25 -1.7855116908560658
20 26 4.315711850157756
20 27 8.631423700315512
20 28 -1.4283245998114817
20 29 -2.8566491996229635
20 30 2.1923932137285647
20 31 4.384786427457129
20 32 1.869311491194943
20 33 3.738622982389886
20 34 -1.7157826135739809
20 35 -3.4315652271479617
20 36 -2.9149261526699193
20 37 -5.829852305339839
20 38 -0.07716017808703579
20 39 -0.15432035617407158
21 29.157627783250124
21 22 0.0
21 23 0.0
21 24 -1.7855116908560658
21 25 -3.5710233817121315
21 26 8.631423700315512
21 27 17.262847400631024
21 28 -2.8566491996229635
21 29 -5.713298399245927
21 30 4.384786427457129
21 31 8.769572854914259
21 32 3.738622982389886
21 33 7.477245964779772
21 34 -3.4315652271479617
21 35 -6.8631304542959235
21 36 -5.829852305339839
21 37 -11.659704610679677
21 38 -0.15432035617407158
21 39 -0.30864071234814316
22 4.705002010756031
22 23 25.328859959587902
22 24 -4.315711850157756
22 25 -8.631423700315512
22 26 -0.8927558454280329
22 27 -1.7855116908560658
22 28 -2.1923932137285647
22 29 -4.384786427457129
22 30 -1.4283245998114813
22 31 -2.8566491996229626
22 32 1.7157826135739813
22 33 3.4315652271479626
22 34 1.869311491194943
22 35 3.738622982389886
22 36 0.07716017808703501
22 37 0.15432035617407003
22 38 -2.91492615266992
22 39 -5.82985230533984
23 22.074434001306017
23 24 -8.631423700315512
23 25 -17.262847400631024
23 26 -1.7855116908560658
23 27 -3.5710233817121315
23 28 -4.384786427457129
23 29 -8.769572854914259
23 30 -2.8566491996229626
23 31 -5.713298399245925
23 32 3.4315652271479626
23 33 6.863130454295925
23 34 3.738622982389886
23 35 7.477245964779772
23 36 0.15432035617407003
23 37 0.30864071234814006
23 38 -5.82985230533984
23 39 -11.65970461067968
24 -7.1792073506410725
24 25 18.649233643928603
24 26 2.220446049250313e-16
24 27 4.440892098500626e-16
24 28 -0.7713292042665708
24 29 -1.5426584085331416
24 30 0.7225201844703553
24 31 1.4450403689407105
24 32 -2.3486074354267554
24 33 -4.697214870853511
24 34 -1.2048390624984697
24 35 -2.4096781249969395
24 36 1.885831752439235
24 37 3.77166350487847
24 38 -0.23444714145117945
24 39 -0.4688942829023589
25 -5.033797879317845
25 26 4.440892098500626e-16
25 27 8.881784197001252e-16
25 28 -1.5426584085331416
25 29 -3.0853168170662832
25 30 1.4450403689407105
25 31 2.890080737881421
25 32 -4.697214870853511
25 33 -9.394429741707022
25 34 -2.4096781249969395
25 35 -4.819356249993879
25 36 3.77166350487847
25 37 7.54332700975694
25 38 -0.4688942829023589
25 39 -0.9377885658047178
26 -7.551708647689826
26 27 18.649233643928603
26 28 -0.7225201844703555
26 29 -1.445040368940711
26 30 -0.7713292042665708
26 31 -1.5426584085331416
26 32 1.2048390624984697
26 33 2.4096781249969395
26 34 -2.3486074354267554
26 35 -4.697214870853511
26 36 0.23444714145117948
26 37 0.46889428290235896
26 38 1.8858317524392345
26 39 3.771663504878469
27 -5.778800473415352
27 28 -1.445040368940711
27 29 -2.890080737881422
27 30 -1.5426584085331416
27 31 -3.0853168170662832
27 32 2.4096781249969395
27 33 4.819356249993879
27 34 -4.697214870853511
27 35 -9.394429741707022
27 36 0.46889428290235896
27 37 0.9377885658047179
27 38 3.771663504878469
27 39 7.543327009756938
28 6.691186210043423
28 29 16.643290584474933
28 30 4.440892098500626e-16
28 31 8.881784197001252e-16
28 32 3.9715446488129365
28 33 7.943089297625873
28 34 0.4917645197327752
28 35 0.9835290394655504
28 36 0.06791093612899261
28 37 0.13582187225798523
28 38 -3.966271941692833
28 39 -7.932543883385666
29 21.704017712324312
29 30 8.881784197001252e-16
29 31 1.7763568394002505e-15
29 32 7.943089297625873
29 33 15.886178595251746
29 34 0.9835290394655504
29 35 1.9670580789311007
29 36 0.13582187225798523
29 37 0.27164374451597045
29 38 -7.932543883385666
29 39 -15.865087766771332
30 -0.5537023346524066
30 31 16.643290584474933
30 32 -0.49176451973277474
30 33 -0.9835290394655495
30 34 3.9715446488129365
30 35 7.943089297625873
30 36 3.966271941692833
30 37 7.932543883385666
30 38 0.0679109361289928
30 39 0.1358218722579856
31 7.214240622932653
31 32 -0.9835290394655495
31 33 -1.967058078931099
31 34 7.943089297625873
31 35 15.886178595251746
31 36 7.932543883385666
31 37 15.865087766771332
31 38 0.1358218722579856
31 39 0.2716437445159712
32 -3.9447989067564864
32 33 12.913704394046182
32 34 4.440892098500626e-16
32 35 8.881784197001252e-16
32 36 -0.8435395430190007
32 37 -1.6870790860380014
32 38 -2.358394958118705
32 39 -4.71678991623741
33 -1.432745616489882
33 34 8.881784197001252e-16
33 35 1.7763568394002505e-15
33 36 -1.6870790860380014
33 37 -3.3741581720760028
33 38 -4.71678991623741
33 39 -9.43357983247482
34 -0.3293772581020882
34 35 12.913704394046183
34 36 2.358394958118705
34 37 4.71678991623741
34 38 -0.8435395430190006
34 39 -1.6870790860380012
35 5.798097680818914
35 36 4.71678991623741
35 37 9.43357983247482
35 38 -1.6870790860380012
35 39 -3.3741581720760023
36 -13.726338417953912
36 37 20.633133844536033
36 38 6.661338147750939e-16
36 39 1.3322676295501878e-15
37 -17.13610991363981
37 38 1.3322676295501878e-15
37 39 2.6645352591003757e-15
38 -4.965579003929668
38 39 20.633133844536033
39 0.3854089144086785
