40
1100111011000101001101001111110110110001
0 17.07582610923476
0 1 15.199069613997116
0 2 4.440892098500626e-16
0 3 8.881784197001252e-16
0 4 0.7817813115761132
0 5 1.5635626231522264
0 6 1.8087185210322092
0 7 3.6174370420644184
0 8 -2.267267413737068
0 9 -4.534534827474136
0 10 1.0857358628765543
0 11 2.1714717257531087
0 12 0.532480648234822
0 13 1.064961296469644
0 14 -1.391496881500673
0 15 -2.782993763001346
0 16 -1.3711427742966256
0 17 -2.742285548593251
0 18 0.19162339422322194
0 19 0.3832467884464439
0 20 -0.4001776685330411
0 21 -0.8003553370660822
0 22 -0.6733654790129725
0 23 -1.346730958025945
0 24 -0.5569676019356511
0 25 -1.1139352038713022
0 26 0.3644891549602546
0 27 0.7289783099205092
0 28 -1.692901000222105
0 29 -3.38580200044421
0 30 -0.9138033742404026
0 31 -1.8276067484808052
0 32 -1.3472079048502443
0 33 -2.6944158097004887
0 34 -2.2835451991837283
0 35 -4.567090398367457
0 36 1.5997724053216922
0 37 3.1995448106433844
0 38 -2.7632070305311123
0 39 -5.5264140610622245
1 41.75118702546808
1 2 8.881784197001252e-16
1 3 1.7763568394002505e-15
1 4 1.5635626231522264
1 5 3.1271252463044528
1 6 3.6174370420644184
1 7 7.234874084128837
1 8 -4.534534827474136
1 9 -9.069069654948272
1 10 2.1714717257531087
1 11 4.342943451506217
1 12 1.064961296469644
1 13 2.129922592939288
1 14 -2.782993763001346
1 15 -5.565987526002692
1 16 -2.742285548593251
1 17 -5.484571097186502
1 18 0.3832467884464439
1 19 0.7664935768928878
1 20 -0.8003553370660822
1 21 -1.6007106741321644
1 22 -1.346730958025945
1 23 -2.69346191605189
1 24 -1.1139352038713022
1 25 -2.2278704077426044
1 26 0.7289783099205092
1 27 1.4579566198410183
1 28 -3.38580200044421
1 29 -6.77160400088842
1 30 -1.8276067484808052
1 31 -3.6552134969616104
1 32 -2.6944158097004887
1 33 -5.388831619400977
1 34 -4.567090398367457
1 35 -9.134180796734913
1 36 3.1995448106433844
1 37 6.399089621286769
1 38 -5.5264140610622245
1 39 -11.052828122124449
2 -3.9787985451482135
2 3 15.199069613997114
2 4 -1.8087185210322088
2 5 -3.6174370420644175
2 6 0.7817813115761133
2 7 1.5635626231522266
2 8 -1.0857358628765548
2 9 -2.1714717257531095
2 10 -2.267267413737068
2 11 -4.534534827474136
2 12 1.391496881500673
2 13 2.782993763001346
2 14 0.5324806482348217
2 15 1.0649612964696433
2 16 -0.1916233942232224
2 17 -0.3832467884464448
2 18 -1.3711427742966253
2 19 -2.7422855485932507
2 20 0.6733654790129724
2 21 1.3467309580259448
2 22 -0.40017766853304104
2 23 -0.8003553370660821
2 24 -0.3644891549602546
2 25 -0.7289783099205092
2 26 -0.5569676019356511
2 27 -1.1139352038713022
2 28 0.9138033742404026
2 29 1.8276067484808052
2 30 -1.692901000222105
2 31 -3.38580200044421
2 32 2.2835451991837283
2 33 4.567090398367457
2 34 -1.347207904850244
2 35 -2.694415809700488
2 36 2.7632070305311123
2 37 5.5264140610622245
2 38 1.5997724053216924
2 39 3.199544810643385
3 -0.3580622832978708
3 4 -3.6174370420644175
3 5 -7.234874084128835
3 6 1.5635626231522266
3 7 3.127125246304453
3 8 -2.1714717257531095
3 9 -4.342943451506219
3 10 -4.534534827474136
3 11 -9.069069654948272
3 12 2.782993763001346
3 13 5.565987526002692
3 14 1.0649612964696433
3 15 2.1299225929392867
3 16 -0.3832467884464448
3 17 -0.7664935768928895
3 18 -2.7422855485932507
3 19 -5.484571097186501
3 20 1.3467309580259448
3 21 2.6934619160518896
3 22 -0.8003553370660821
3 23 -1.6007106741321642
3 24 -0.7289783099205092
3 25 -1.4579566198410183
3 26 -1.1139352038713022
3 27 -2.2278704077426044
3 28 1.8276067484808052
3 29 3.6552134969616104
3 30 -3.38580200044421
3 31 -6.77160400088842
3 32 4.567090398367457
3 33 9.134180796734913
3 34 -2.694415809700488
3 35 -5.388831619400976
3 36 5.5264140610622245
3 37 11.052828122124449
3 38 3.199544810643385
3 39 6.39908962128677
4 -4.199489891837798
4 5 9.105768338311712
4 6 1.1102230246251565e-16
4 7 2.220446049250313e-16
4 8 -0.2912497468099125
4 9 -0.582499493619825
4 10 2.4612453030649575
4 11 4.922490606129915
4 12 0.47668323011326097
4 13 0.9533664602265219
4 14 1.8047319742078858
4 15 3.6094639484157716
4 16 1.4848316590480068
4 17 2.9696633180960137
4 18 -1.9847475424235885
4 19 -3.969495084847177
4 20 -0.06679526346477344
4 21 -0.13359052692954687
4 22 -1.2037337249821514
4 23 -2.4074674499643027
4 24 0.10212169779868552
4 25 0.20424339559737104
4 26 1.0466931246602251
4 27 2.0933862493204503
4 28 -0.912126416468092
4 29 -1.824252832936184
4 30 -1.007947924864937
4 31 -2.015895849729874
4 32 -1.177701572920956
4 33 -2.355403145841912
4 34 -0.016565544275205624
4 35 -0.03313108855041125
4 36 -1.4846127578674408
4 37 -2.9692255157348817
4 38 -0.7016851320816073
4 39 -1.4033702641632146
5 -3.84609561451974
5 6 2.220446049250313e-16
5 7 4.440892098500626e-16
5 8 -0.582499493619825
5 9 -1.16499898723965
5 10 4.922490606129915
5 11 9.84498121225983
5 12 0.9533664602265219
5 13 1.9067329204530439
5 14 3.6094639484157716
5 15 7.218927896831543
5 16 2.9696633180960137
5 17 5.939326636192027
5 18 -3.969495084847177
5 19 -7.938990169694354
5 20 -0.13359052692954687
5 21 -0.26718105385909374
5 22 -2.4074674499643027
5 23 -4.8149348999286055
5 24 0.20424339559737104
5 25 0.40848679119474207
5 26 2.0933862493204503
5 27 4.1867724986409005
5 28 -1.824252832936184
5 29 -3.648505665872368
5 30 -2.015895849729874
5 31 -4.031791699459748
5 32 -2.355403145841912
5 33 -4.710806291683824
5 34 -0.03313108855041125
5 35 -0.0662621771008225
5 36 -2.9692255157348817
5 37 -5.938451031469763
5 38 -1.4033702641632146
5 39 -2.8067405283264293
6 -4.439893615049455
6 7 9.105768338311712
6 8 -2.4612453030649575
6 9 -4.922490606129915
6 10 -0.29124974680991256
6 11 -0.5824994936198251
6 12 -1.8047319742078853
6 13 -3.6094639484157707
6 14 0.4766832301132609
6 15 0.9533664602265218
6 16 1.9847475424235888
6 17 3.9694950848471775
6 18 1.4848316590480068
6 19 2.9696633180960137
6 20 1.2037337249821514
6 21 2.4074674499643027
6 22 -0.06679526346477349
6 23 -0.13359052692954698
6 24 -1.0466931246602251
6 25 -2.0933862493204503
6 26 0.10212169779868557
6 27 0.20424339559737115
6 28 1.0079479248649368
6 29 2.0158958497298736
6 30 -0.9121264164680921
6 31 -1.8242528329361842
6 32 0.01656554427520529
6 33 0.03313108855041058
6 34 -1.1777015729209561
6 35 -2.3554031458419122
6 36 0.701685132081607
6 37 1.403370264163214
6 38 -1.4846127578674408
6 39 -2.9692255157348817
7 -4.326903060943053
7 8 -4.922490606129915
7 9 -9.84498121225983
7 10 -0.5824994936198251
7 11 -1.1649989872396502
7 12 -3.6094639484157707
7 13 -7.218927896831541
7 14 0.9533664602265218
7 15 1.9067329204530437
7 16 3.9694950848471775
7 17 7.938990169694355
7 18 2.9696633180960137
7 19 5.939326636192027
7 20 2.4074674499643027
7 21 4.8149348999286055
7 22 -0.13359052692954698
7 23 -0.26718105385909396
7 24 -2.0933862493204503
7 25 -4.1867724986409005
7 26 0.20424339559737115
7 27 0.4084867911947423
7 28 2.0158958497298736
7 29 4.031791699459747
7 30 -1.8242528329361842
7 31 -3.6485056658723685
7 32 0.03313108855041058
7 33 0.06626217710082116
7 34 -2.3554031458419122
7 35 -4.7108062916838245
7 36 1.403370264163214
7 37 2.806740528326428
7 38 -2.9692255157348817
7 39 -5.938451031469763
8 -3.023307489122651
8 9 15.526910966643314
8 10 2.220446049250313e-16
8 11 4.440892098500626e-16
8 12 -0.030878516774356657
8 13 -0.061757033548713314
8 14 -1.2172961489478509
8 15 -2.4345922978957018
8 16 1.3780943119287077
8 17 2.7561886238574154
8 18 0.20718187326994286
8 19 0.4143637465398857
8 20 -2.3479481330463954
8 21 -4.695896266092791
8 22 2.3853619166865263
8 23 4.770723833373053
8 24 1.786988837427066
8 25 3.573977674854132
8 26 -0.38974164082964347
8 27 -0.7794832816592869
8 28 -0.4480586328000662
8 29 -0.8961172656001324
8 30 -0.19342093610278188
8 31 -0.38684187220556376
8 32 -0.10902790355535924
8 33 -0.21805580711071848
8 34 0.2849826856506816
8 35 0.5699653713013632
8 36 0.7160019587343596
8 37 1.4320039174687191
8 38 0.8351713133197933
8 39 1.6703426266395867
9 1.7168405050763553
9 10 4.440892098500626e-16
9 11 8.881784197001252e-16
9 12 -0.061757033548713314
9 13 -0.12351406709742663
9 14 -2.4345922978957018
9 15 -4.8691845957914035
9 16 2.7561886238574154
9 17 5.512377247714831
9 18 0.4143637465398857
9 19 0.8287274930797714
9 20 -4.695896266092791
9 21 -9.391792532185582
9 22 4.770723833373053
9 23 9.541447666746105
9 24 3.573977674854132
9 25 7.147955349708264
9 26 -0.7794832816592869
9 27 -1.5589665633185739
9 28 -0.8961172656001324
9 29 -1.7922345312002648
9 30 -0.38684187220556376
9 31 -0.7736837444111275
9 32 -0.21805580711071848
9 33 -0.43611161422143696
9 34 0.5699653713013632
9 35 1.1399307426027263
9 36 1.4320039174687191
9 37 2.8640078349374383
9 38 1.6703426266395867
9 39 3.3406852532791733
10 -11.804507225602379
10 11 15.526910966643314
10 12 1.2172961489478509
10 13 2.4345922978957018
10 14 -0.030878516774356712
10 15 -0.061757033548713425
10 16 -0.20718187326994264
10 17 -0.4143637465398853
10 18 1.3780943119287077
10 19 2.7561886238574154
10 20 -2.3853619166865263
10 21 -4.770723833373053
10 22 -2.3479481330463954
10 23 -4.695896266092791
10 24 0.38974164082964374
10 25 0.7794832816592875
10 26 1.786988837427066
10 27 3.573977674854132
10 28 0.19342093610278188
10 29 0.38684187220556376
10 30 -0.4480586328000661
10 31 -0.8961172656001322
10 32 -0.2849826856506816
10 33 -0.5699653713013632
10 34 -0.10902790355535918
10 35 -0.21805580711071837
10 36 -0.8351713133197931
10 37 -1.6703426266395862
10 38 0.7160019587343595
10 39 1.432003917468719
11 -15.8455589678831
11 12 2.4345922978957018
11 13 4.8691845957914035
11 14 -0.061757033548713425
11 15 -0.12351406709742685
11 16 -0.4143637465398853
11 17 -0.8287274930797706
11 18 2.7561886238574154
11 19 5.512377247714831
11 20 -4.770723833373053
11 21 -9.541447666746105
11 22 -4.695896266092791
11 23 -9.391792532185582
11 24 0.7794832816592875
11 25 1.558966563318575
11 26 3.573977674854132
11 27 7.147955349708264
11 28 0.38684187220556376
11 29 0.7736837444111275
11 30 -0.8961172656001322
11 31 -1.7922345312002643
11 32 -0.5699653713013632
11 33 -1.1399307426027263
11 34 -0.21805580711071837
11 35 -0.43611161422143674
11 36 -1.6703426266395862
11 37 -3.3406852532791724
11 38 1.432003917468719
11 39 2.864007834937438
12 5.8530393075572
12 13 11.29349101810306
12 14 3.3306690738754696e-16
12 15 6.661338147750939e-16
12 16 -0.11016093550629098
12 17 -0.22032187101258197
12 18 -2.800781246189998
12 19 -5.601562492379996
12 20 -0.3157704494553175
12 21 -0.631540898910635
12 22 -0.605313774189568
12 23 -1.210627548379136
12 24 -0.07931801298561586
12 25 -0.15863602597123172
12 26 -0.35158059914187734
12 27 -0.7031611982837547
12 28 -2.534970042478777
12 29 -5.069940084957554
12 30 0.09873572946892877
12 31 0.19747145893785753
12 32 -0.44560880486627474
12 33 -0.8912176097325495
12 34 -0.8559731937206552
12 35 -1.7119463874413103
12 36 -1.2233624707413935
12 37 -2.446724941482787
12 38 1.3377841000110864
12 39 2.6755682000221728
13 17.352824124165927
13 14 6.661338147750939e-16
13 15 1.3322676295501878e-15
13 16 -0.22032187101258197
13 17 -0.44064374202516393
13 18 -5.601562492379996
13 19 -11.203124984759992
13 20 -0.631540898910635
13 21 -1.26308179782127
13 22 -1.210627548379136
13 23 -2.421255096758272
13 24 -0.15863602597123172
13 25 -0.31727205194246344
13 26 -0.7031611982837547
13 27 -1.4063223965675093
13 28 -5.069940084957554
13 29 -10.139880169915108
13 30 0.19747145893785753
13 31 0.39494291787571506
13 32 -0.8912176097325495
13 33 -1.782435219465099
13 34 -1.7119463874413103
13 35 -3.4238927748826207
13 36 -2.446724941482787
13 37 -4.893449882965574
13 38 2.6755682000221728
13 39 5.3511364000443455
14 -14.261450070039809
14 15 11.293491018103058
14 16 2.800781246189998
14 17 5.601562492379996
14 18 -0.11016093550629082
14 19 -0.22032187101258163
14 20 0.605313774189568
14 21 1.210627548379136
14 22 -0.3157704494553176
14 23 -0.6315408989106353
14 24 0.3515805991418773
14 25 0.7031611982837546
14 26 -0.07931801298561586
14 27 -0.15863602597123172
14 28 -0.09873572946892915
14 29 -0.1974714589378583
14 30 -2.534970042478777
14 31 -5.069940084957554
14 32 0.8559731937206548
14 33 1.7119463874413097
14 34 -0.4456088048662752
14 35 -0.8912176097325504
14 36 -1.3377841000110866
14 37 -2.675568200022173
14 38 -1.2233624707413937
14 39 -2.4467249414827874
15 -22.876154631028086
15 16 5.601562492379996
15 17 11.203124984759992
15 18 -0.22032187101258163
15 19 -0.44064374202516327
15 20 1.210627548379136
15 21 2.421255096758272
15 22 -0.6315408989106353
15 23 -1.2630817978212705
15 24 0.7031611982837546
15 25 1.4063223965675091
15 26 -0.15863602597123172
15 27 -0.31727205194246344
15 28 -0.1974714589378583
15 29 -0.3949429178757166
15 30 -5.069940084957554
15 31 -10.139880169915108
15 32 1.7119463874413097
15 33 3.4238927748826193
15 34 -0.8912176097325504
15 35 -1.7824352194651008
15 36 -2.675568200022173
15 37 -5.351136400044346
15 38 -2.4467249414827874
15 39 -4.893449882965575
16 -17.242575463606073
16 17 14.218388922879647
16 18 4.440892098500626e-16
16 19 8.881784197001252e-16
16 20 3.476966380012441
16 21 6.953932760024882
16 22 1.2396106398769993
16 23 2.4792212797539985
16 24 1.049966296168038
16 25 2.099932592336076
16 26 0.14543912127679098
16 27 0.29087824255358197
16 28 -0.6546141825413792
16 29 -1.3092283650827583
16 30 -0.6484960778997628
16 31 -1.2969921557995256
16 32 -2.3381135833941866
16 33 -4.676227166788373
16 34 -0.6698010406639712
16 35 -1.3396020813279423
16 36 -0.32614219651965215
16 37 -0.6522843930393043
16 38 -1.128559052406009
16 39 -2.257118104812018
17 -27.375956465772326
17 18 8.881784197001252e-16
17 19 1.7763568394002505e-15
17 20 6.953932760024882
17 21 13.907865520049764
17 22 2.4792212797539985
17 23 4.958442559507997
17 24 2.099932592336076
17 25 4.199865184672152
17 26 0.29087824255358197
17 27 0.5817564851071639
17 28 -1.3092283650827583
17 29 -2.6184567301655166
17 30 -1.2969921557995256
17 31 -2.5939843115990513
17 32 -4.676227166788373
17 33 -9.352454333576746
17 34 -1.3396020813279423
17 35 -2.6792041626558847
17 36 -0.6522843930393043
17 37 -1.3045687860786086
17 38 -2.257118104812018
17 39 -4.514236209624036
18 -19.399915464428638
18 19 14.218388922879647
18 20 -1.239610639876999
18 21 -2.479221279753998
18 22 3.476966380012441
18 23 6.953932760024882
18 24 -0.14543912127679087
18 25 -0.29087824255358175
18 26 1.0499662961680383
18 27 2.0999325923360765
18 28 0.6484960778997627
18 29 1.2969921557995254
18 30 -0.6546141825413793
18 31 -1.3092283650827585
18 32 0.669801040663971
18 33 1.339602081327942
18 34 -2.338113583394186
18 35 -4.676227166788372
18 36 1.1285590524060085
18 37 2.257118104812017
18 38 -0.32614219651965204
18 39 -0.6522843930393041
19 -31.69063646741745
19 20 -2.479221279753998
19 21 -4.958442559507996
19 22 6.953932760024882
19 23 13.907865520049764
19 24 -0.29087824255358175
19 25 -0.5817564851071635
19 26 2.0999325923360765
19 27 4.199865184672153
19 28 1.2969921557995254
19 29 2.593984311599051
19 30 -1.3092283650827585
19 31 -2.618456730165517
19 32 1.339602081327942
19 33 2.679204162655884
19 34 -4.676227166788372
19 35 -9.352454333576745
19 36 2.257118104812017
19 37 4.514236209624034
19 38 -0.6522843930393041
19 39 -1.3045687860786082
20 10.43091735087643
20 21 13.207709928575632
20 22 2.7755575615628914e-16
20 23 5.551115123125783e-16
20 24 0.23131841943587253
20 25 0.46263683887174506
20 26 -0.6827674558946476
20 27 -1.3655349117892952
20 28 -0.32983282814252224
20 29 -0.6596656562850445
20 30 1.5772790566814963
20 31 3.1545581133629925
20 32 -2.7669093499089215
20 33 -5.533818699817843
20 34 -0.508745175900236
20 35 -1.017490351800472
20 36 0.03776856146016039
20 37 0.07553712292032078
20 38 -2.0296149651039004
20 39 -4.059229930207801
21 27.465689666040674
21 22 5.551115123125783e-16
21 23 1.1102230246251565e-15
21 24 0.46263683887174506
21 25 0.9252736777434901
21 26 -1.3655349117892952
21 27 -2.7310698235785904
21 28 -0.6596656562850445
21 29 -1.319331312570089
21 30 3.1545581133629925
21 31 6.309116226725985
21 32 -5.533818699817843
21 33 -11.067637399635686
21 34 -1.017490351800472
21 35 -2.034980703600944
21 36 0.07553712292032078
21 37 0.15107424584064155
21 38 -4.059229930207801
21 39 -8.118459860415602
22 -18.070406534001794
22 23 13.207709928575632
22 24 0.6827674558946477
22 25 1.3655349117892954
22 26 0.2313184194358726
22 27 0.4626368388717452
22 28 -1.5772790566814963
22 29 -3.1545581133629925
22 30 -0.32983282814252224
22 31 -0.6596656562850445
22 32 0.5087451759002358
22 33 1.0174903518004716
22 34 -2.766909349908922
22 35 -5.533818699817844
22 36 2.0296149651039004
22 37 4.059229930207801
22 38 0.03776856146016072
22 39 0.07553712292032144
23 -29.536958103715776
23 24 1.3655349117892954
23 25 2.731069823578591
23 26 0.4626368388717452
23 27 0.9252736777434905
23 28 -3.1545581133629925
23 29 -6.309116226725985
23 30 -0.6596656562850445
23 31 -1.319331312570089
23 32 1.0174903518004716
23 33 2.0349807036009433
23 34 -5.533818699817844
23 35 -11.067637399635688
23 36 4.059229930207801
23 37 8.118459860415602
23 38 0.07553712292032144
23 39 0.15107424584064288
24 -11.36872235578258
24 25 8.763550115991123
24 26 2.220446049250313e-16
24 27 4.440892098500626e-16
24 28 0.11364370337208934
24 29 0.2272874067441787
24 30 -0.06020554399546127
24 31 -0.12041108799092254
24 32 -0.7584746590545226
24 33 -1.5169493181090452
24 34 0.08770026007112464
24 35 0.17540052014224927
24 36 1.0041499418638833
24 37 2.0082998837277666
24 38 0.7554732057475797
24 39 1.5109464114951594
25 -18.3556696535696
25 26 4.440892098500626e-16
25 27 8.881784197001252e-16
25 28 0.2272874067441787
25 29 0.4545748134883574
25 30 -0.12041108799092254
25 31 -0.24082217598184508
25 32 -1.5169493181090452
25 33 -3.0338986362180904
25 34 0.17540052014224927
25 35 0.35080104028449854
25 36 2.0082998837277666
25 37 4.016599767455533
25 38 1.5109464114951594
25 39 3.021892822990319
26 -12.339188256361872
26 27 8.763550115991123
26 28 0.06020554399546113
26 29 0.12041108799092226
26 30 0.11364370337208934
26 31 0.2272874067441787
26 32 -0.08770026007112464
26 33 -0.17540052014224927
26 34 -0.7584746590545227
26 35 -1.5169493181090454
26 36 -0.7554732057475795
26 37 -1.510946411495159
26 38 1.0041499418638833
26 39 2.0082998837277666
27 -20.296601454728183
27 28 0.12041108799092226
27 29 0.24082217598184452
27 30 0.2272874067441787
27 31 0.4545748134883574
27 32 -0.17540052014224927
27 33 -0.35080104028449854
27 34 -1.5169493181090454
27 35 -3.033898636218091
27 36 -1.510946411495159
27 37 -3.021892822990318
27 38 2.0082998837277666
27 39 4.016599767455533
28 -4.205642296705393
28 29 8.338191373062944
28 30 1.942890293094024e-16
28 31 3.885780586188048e-16
28 32 0.5260632060694573
28 33 1.0521264121389147
28 34 0.7040707414614326
28 35 1.4081414829228651
28 36 1.3398234798310502
28 37 2.6796469596621004
28 38 1.7800732499332792
28 39 3.5601464998665584
29 -4.2421889068793135
29 30 3.885780586188048e-16
29 31 7.771561172376096e-16
29 32 1.0521264121389147
29 33 2.1042528242778293
29 34 1.4081414829228651
29 35 2.8162829658457302
29 36 2.6796469596621004
29 37 5.359293919324201
29 38 3.5601464998665584
29 39 7.120292999733117
30 11.989879737060633
30 31 8.338191373062944
30 32 -0.7040707414614327
30 33 -1.4081414829228653
30 34 0.5260632060694572
30 35 1.0521264121389144
30 36 -1.780073249933279
30 37 -3.560146499866558
30 38 1.33982347983105
30 39 2.6796469596621
31 28.14885516065274
31 32 -1.4081414829228653
31 33 -2.8162829658457307
31 34 1.0521264121389144
31 35 2.104252824277829
31 36 -3.560146499866558
31 37 -7.120292999733116
31 38 2.6796469596621
31 39 5.3592939193242
32 -6.149762265633264
32 33 12.25217639707061
32 34 3.191891195797325e-16
32 35 6.38378239159465e-16
32 36 0.5456613962095503
32 37 1.0913227924191007
32 38 0.09477791054395152
32 39 0.18955582108790303
33 -6.1734363327312245
33 34 6.38378239159465e-16
33 35 1.27675647831893e-15
33 36 1.0913227924191007
33 37 2.1826455848382014
33 38 0.18955582108790303
33 39 0.37911164217580606
34 19.318799798070856
34 35 12.25217639707061
34 36 -0.09477791054395152
34 37 -0.18955582108790303
34 38 0.5456613962095502
34 39 1.0913227924191005
35 44.76368779467701
35 36 -0.18955582108790303
35 37 -0.37911164217580606
35 38 1.0913227924191005
35 39 2.182645584838201
36 -6.884612184325837
36 37 16.069771491186586
36 38 6.661338147750939e-16
36 39 1.3322676295501878e-15
37 -5.734338623058385
37 38 1.3322676295501878e-15
37 39 2.6645352591003757e-15
38 -20.402991466709977
38 39 16.069771491186586
39 -32.77109718782666
