40
1100111011000101001101001111110110110001
0 18.742086611840147
0 1 12.148491770466428
0 2 2.498001805406602e-16
0 3 4.996003610813204e-16
0 4 -0.9444601053700346
0 5 -1.888920210740069
0 6 -0.46540469978745636
0 7 -0.9308093995749127
0 8 0.5122835084206268
0 9 1.0245670168412535
0 10 -2.2741310217643345
0 11 -4.548262043528669
0 12 -0.17644891494897125
0 13 -0.3528978298979425
0 14 -1.1577496365618205
0 15 -2.315499273123641
0 16 0.2536342470894897
0 17 0.5072684941789793
0 18 -1.0346678204266935
0 19 -2.069335640853387
0 20 0.7971524318778068
0 21 1.5943048637556136
0 22 2.6929230712148717
0 23 5.3858461424297435
0 24 -1.246550214886446
0 25 -2.493100429772892
0 26 -1.1192895320075773
0 27 -2.2385790640151546
0 28 -1.2400626422998933
0 29 -2.4801252845997865
0 30 2.015145467792583
0 31 4.030290935585166
0 32 -1.2763475101517943
0 33 -2.5526950203035885
0 34 -1.8121819011654206
0 35 -3.624363802330841
0 36 -0.22098434574362508
0 37 -0.44196869148725015
0 38 -1.636223752845305
0 39 -3.27244750569061
1 43.558419108913505
1 2 4.996003610813204e-16
1 3 9.992007221626409e-16
1 4 -1.888920210740069
1 5 -3.777840421480138
1 6 -0.9308093995749127
1 7 -1.8616187991498254
1 8 1.0245670168412535
1 9 2.049134033682507
1 10 -4.548262043528669
1 11 -9.096524087057338
1 12 -0.3528978298979425
1 13 -0.705795659795885
1 14 -2.315499273123641
1 15 -4.630998546247282
1 16 0.5072684941789793
1 17 1.0145369883579587
1 18 -2.069335640853387
1 19 -4.138671281706774
1 20 1.5943048637556136
1 21 3.1886097275112273
1 22 5.3858461424297435
1 23 10.771692284859487
1 24 -2.493100429772892
1 25 -4.986200859545784
1 26 -2.2385790640151546
1 27 -4.477158128030309
1 28 -2.4801252845997865
1 29 -4.960250569199573
1 30 4.030290935585166
1 31 8.060581871170331
1 32 -2.5526950203035885
1 33 -5.105390040607177
1 34 -3.624363802330841
1 35 -7.248727604661682
1 36 -0.44196869148725015
1 37 -0.8839373829745003
1 38 -3.27244750569061
1 39 -6.54489501138122
2 -11.575343084712706
2 3 12.148491770466428
2 4 0.4654046997874566
2 5 0.9308093995749132
2 6 -0.9444601053700342
2 7 -1.8889202107400684
2 8 2.2741310217643345
2 9 4.548262043528669
2 10 0.5122835084206266
2 11 1.0245670168412533
2 12 1.1577496365618203
2 13 2.3154992731236406
2 14 -0.17644891494897114
2 15 -0.3528978298979423
2 16 1.0346678204266937
2 17 2.0693356408533874
2 18 0.25363424708948945
2 19 0.5072684941789789
2 20 -2.6929230712148717
2 21 -5.3858461424297435
2 22 0.7971524318778068
2 23 1.5943048637556136
2 24 1.1192895320075773
2 25 2.2385790640151546
2 26 -1.2465502148864458
2 27 -2.4931004297728916
2 28 -2.015145467792583
2 29 -4.030290935585166
2 30 -1.240062642299893
2 31 -2.480125284599786
2 32 1.8121819011654206
2 33 3.624363802330841
2 34 -1.2763475101517943
2 35 -2.5526950203035885
2 36 1.636223752845305
2 37 3.27244750569061
2 38 -0.22098434574362513
2 39 -0.44196869148725026
3 -17.076440284192195
3 4 0.9308093995749132
3 5 1.8616187991498263
3 6 -1.8889202107400684
3 7 -3.777840421480137
3 8 4.548262043528669
3 9 9.096524087057338
3 10 1.0245670168412533
3 11 2.0491340336825066
3 12 2.3154992731236406
3 13 4.630998546247281
3 14 -0.3528978298979423
3 15 -0.7057956597958845
3 16 2.0693356408533874
3 17 4.138671281706775
3 18 0.5072684941789789
3 19 1.0145369883579578
3 20 -5.3858461424297435
3 21 -10.771692284859487
3 22 1.5943048637556136
3 23 3.1886097275112273
3 24 2.2385790640151546
3 25 4.477158128030309
3 26 -2.4931004297728916
3 27 -4.986200859545783
3 28 -4.030290935585166
3 29 -8.060581871170331
3 30 -2.480125284599786
3 31 -4.960250569199572
3 32 3.624363802330841
3 33 7.248727604661682
3 34 -2.5526950203035885
3 35 -5.105390040607177
3 36 3.27244750569061
3 37 6.54489501138122
3 38 -0.44196869148725026
3 39 -0.8839373829745005
4 -25.852522113611517
4 5 13.548750542652858
4 6 6.661338147750939e-16
4 7 1.3322676295501878e-15
4 8 -1.7029780612875165
4 9 -3.405956122575033
4 10 -0.32847903232895614
4 11 -0.6569580646579123
4 12 -0.6487568330937712
4 13 -1.2975136661875424
4 14 2.2787244548789087
4 15 4.5574489097578175
4 16 -1.6433133258718047
4 17 -3.2866266517436094
4 18 1.4255367856439911
4 19 2.8510735712879822
4 20 -3.400270335224879
4 21 -6.800540670449758
4 22 -1.7801015215841827
4 23 -3.5602030431683653
4 24 -0.9014007208382795
4 25 -1.802801441676559
4 26 0.36199331416330166
4 27 0.7239866283266033
4 28 1.2957218447431411
4 29 2.5914436894862822
4 30 -0.32068687607991236
4 31 -0.6413737521598247
4 32 1.82919879511092
4 33 3.65839759022184
4 34 -2.2641552174650257
4 35 -4.528310434930051
4 36 0.6489181086048053
4 37 1.2978362172096105
4 38 1.226811321056801
4 39 2.453622642113602
5 -44.93066895589661
5 6 1.3322676295501878e-15
5 7 2.6645352591003757e-15
5 8 -3.405956122575033
5 9 -6.811912245150066
5 10 -0.6569580646579123
5 11 -1.3139161293158246
5 12 -1.2975136661875424
5 13 -2.5950273323750848
5 14 4.5574489097578175
5 15 9.114897819515635
5 16 -3.2866266517436094
5 17 -6.573253303487219
5 18 2.8510735712879822
5 19 5.7021471425759644
5 20 -6.800540670449758
5 21 -13.601081340899515
5 22 -3.5602030431683653
5 23 -7.120406086336731
5 24 -1.802801441676559
5 25 -3.605602883353118
5 26 0.7239866283266033
5 27 1.4479732566532066
5 28 2.5914436894862822
5 29 5.1828873789725645
5 30 -0.6413737521598247
5 31 -1.2827475043196495
5 32 3.65839759022184
5 33 7.31679518044368
5 34 -4.528310434930051
5 35 -9.056620869860103
5 36 1.2978362172096105
5 37 2.595672434419221
5 38 2.453622642113602
5 39 4.907245284227204
6 11.803325161292946
6 7 13.548750542652858
6 8 0.3284790323289559
6 9 0.6569580646579118
6 10 -1.7029780612875167
6 11 -3.4059561225750334
6 12 -2.2787244548789087
6 13 -4.5574489097578175
6 14 -0.6487568330937716
6 15 -1.2975136661875433
6 16 -1.4255367856439913
6 17 -2.8510735712879827
6 18 -1.6433133258718047
6 19 -3.2866266517436094
6 20 1.7801015215841822
6 21 3.5602030431683644
6 22 -3.4002703352248784
6 23 -6.800540670449757
6 24 -0.36199331416330155
6 25 -0.7239866283266031
6 26 -0.9014007208382796
6 27 -1.8028014416765592
6 28 0.3206868760799124
6 29 0.6413737521598248
6 30 1.295721844743141
6 31 2.591443689486282
6 32 2.2641552174650257
6 33 4.528310434930051
6 34 1.82919879511092
6 35 3.65839759022184
6 36 -1.2268113210568008
6 37 -2.4536226421136016
6 38 0.648918108604805
6 39 1.29783621720961
7 30.38102559391232
7 8 0.6569580646579118
7 9 1.3139161293158237
7 10 -3.4059561225750334
7 11 -6.811912245150067
7 12 -4.5574489097578175
7 13 -9.114897819515635
7 14 -1.2975136661875433
7 15 -2.5950273323750865
7 16 -2.8510735712879827
7 17 -5.702147142575965
7 18 -3.2866266517436094
7 19 -6.573253303487219
7 20 3.5602030431683644
7 21 7.120406086336729
7 22 -6.800540670449757
7 23 -13.601081340899514
7 24 -0.7239866283266031
7 25 -1.4479732566532062
7 26 -1.8028014416765592
7 27 -3.6056028833531184
7 28 0.6413737521598248
7 29 1.2827475043196497
7 30 2.591443689486282
7 31 5.182887378972564
7 32 4.528310434930051
7 33 9.056620869860103
7 34 3.65839759022184
7 35 7.31679518044368
7 36 -2.4536226421136016
7 37 -4.907245284227203
7 38 1.29783621720961
7 39 2.59567243441922
8 -9.661811009547137
8 9 10.948102191056238
8 10 2.220446049250313e-16
8 11 4.440892098500626e-16
8 12 0.7792790766672566
8 13 1.5585581533345132
8 14 0.6132964743471457
8 15 1.2265929486942915
8 16 1.576451310397612
8 17 3.152902620795224
8 18 -0.8196718215489407
8 19 -1.6393436430978814
8 20 0.3398658824456287
8 21 0.6797317648912574
8 22 0.9134417123017401
8 23 1.8268834246034802
8 24 3.5854734084409587
8 25 7.1709468168819175
8 26 -2.1098923544402917
8 27 -4.219784708880583
8 28 -0.41838517810899833
8 29 -0.8367703562179967
8 30 0.037354991090833095
8 31 0.07470998218166619
8 32 1.768210252559764
8 33 3.536420505119528
8 34 0.9719798752889941
8 35 1.9439597505779882
8 36 0.25494966035273414
8 37 0.5098993207054683
8 38 0.6503770981420278
8 39 1.3007541962840556
9 -13.849570923566153
9 10 4.440892098500626e-16
9 11 8.881784197001252e-16
9 12 1.5585581533345132
9 13 3.1171163066690264
9 14 1.2265929486942915
9 15 2.453185897388583
9 16 3.152902620795224
9 17 6.305805241590448
9 18 -1.6393436430978814
9 19 -3.2786872861957628
9 20 0.6797317648912574
9 21 1.3594635297825148
9 22 1.8268834246034802
9 23 3.6537668492069604
9 24 7.1709468168819175
9 25 14.341893633763835
9 26 -4.219784708880583
9 27 -8.439569417761167
9 28 -0.8367703562179967
9 29 -1.6735407124359933
9 30 0.07470998218166619
9 31 0.14941996436333238
9 32 3.536420505119528
9 33 7.072841010239056
9 34 1.9439597505779882
9 35 3.8879195011559764
9 36 0.5098993207054683
9 37 1.0197986414109366
9 38 1.3007541962840556
9 39 2.6015083925681113
10 -13.978971689139687
10 11 10.948102191056238
10 12 -0.6132964743471456
10 13 -1.2265929486942913
10 14 0.7792790766672568
10 15 1.5585581533345136
10 16 0.8196718215489409
10 17 1.6393436430978818
10 18 1.576451310397612
10 19 3.152902620795224
10 20 -0.9134417123017401
10 21 -1.8268834246034802
10 22 0.3398658824456287
10 23 0.6797317648912574
10 24 2.109892354440292
10 25 4.219784708880584
10 26 3.5854734084409587
10 27 7.1709468168819175
10 28 -0.03735499109083332
10 29 -0.07470998218166663
10 30 -0.41838517810899833
10 31 -0.8367703562179967
10 32 -0.9719798752889941
10 33 -1.9439597505779882
10 34 1.7682102525597643
10 35 3.5364205051195285
10 36 -0.650377098142028
10 37 -1.300754196284056
10 38 0.2549496603527345
10 39 0.509899320705469
11 -22.483892282751256
11 12 -1.2265929486942913
11 13 -2.4531858973885825
11 14 1.5585581533345136
11 15 3.1171163066690273
11 16 1.6393436430978818
11 17 3.2786872861957637
11 18 3.152902620795224
11 19 6.305805241590448
11 20 -1.8268834246034802
11 21 -3.6537668492069604
11 22 0.6797317648912574
11 23 1.3594635297825148
11 24 4.219784708880584
11 25 8.439569417761168
11 26 7.1709468168819175
11 27 14.341893633763835
11 28 -0.07470998218166663
11 29 -0.14941996436333327
11 30 -0.8367703562179967
11 31 -1.6735407124359933
11 32 -1.9439597505779882
11 33 -3.8879195011559764
11 34 3.5364205051195285
11 35 7.072841010239057
11 36 -1.300754196284056
11 37 -2.601508392568112
11 38 0.509899320705469
11 39 1.019798641410938
12 -14.35428547070451
12 13 16.65541846942109
12 14 8.881784197001252e-16
12 15 1.7763568394002505e-15
12 16 2.9831257721744415
12 17 5.966251544348883
12 18 -1.2570695895360116
12 19 -2.514139179072023
12 20 0.8645689811171478
12 21 1.7291379622342955
12 22 0.12730432827965554
12 23 0.2546086565593111
12 24 -0.9764704707590978
12 25 -1.9529409415181955
12 26 1.922340013594998
12 27 3.844680027189996
12 28 -1.1649853133392472
12 29 -2.3299706266784943
12 30 1.565974893264575
12 31 3.13194978652915
12 32 2.8893998094815827
12 33 5.778799618963165
12 34 -0.9558298455333779
12 35 -1.9116596910667558
12 36 4.339785318820311
12 37 8.679570637640621
12 38 0.3324159799702916
12 39 0.6648319599405832
13 -20.38086170669848
13 14 1.7763568394002505e-15
13 15 3.552713678800501e-15
13 16 5.966251544348883
13 17 11.932503088697766
13 18 -2.514139179072023
13 19 -5.028278358144046
13 20 1.7291379622342955
13 21 3.458275924468591
13 22 0.2546086565593111
13 23 0.5092173131186222
13 24 -1.9529409415181955
13 25 -3.905881883036391
13 26 3.844680027189996
13 27 7.689360054379992
13 28 -2.3299706266784943
13 29 -4.659941253356989
13 30 3.13194978652915
13 31 6.2638995730583
13 32 5.778799618963165
13 33 11.55759923792633
13 34 -1.9116596910667558
13 35 -3.8233193821335116
13 36 8.679570637640621
13 37 17.359141275281242
13 38 0.6648319599405832
13 39 1.3296639198811664
14 -39.09791189557857
14 15 16.65541846942109
14 16 1.257069589536012
14 17 2.514139179072024
14 18 2.983125772174442
14 19 5.966251544348884
14 20 -0.1273043282796552
14 21 -0.2546086565593104
14 22 0.8645689811171478
14 23 1.7291379622342955
14 24 -1.9223400135949984
14 25 -3.844680027189997
14 26 -0.9764704707590977
14 27 -1.9529409415181953
14 28 -1.5659748932645745
14 29 -3.131949786529149
14 30 -1.1649853133392472
14 31 -2.3299706266784943
14 32 0.9558298455333782
14 33 1.9116596910667565
14 34 2.8893998094815823
14 35 5.7787996189631645
14 36 -0.33241597997029104
14 37 -0.6648319599405821
14 38 4.339785318820311
14 39 8.679570637640621
15 -69.86811455644659
15 16 2.514139179072024
15 17 5.028278358144048
15 18 5.966251544348884
15 19 11.932503088697768
15 20 -0.2546086565593104
15 21 -0.5092173131186208
15 22 1.7291379622342955
15 23 3.458275924468591
15 24 -3.844680027189997
15 25 -7.689360054379994
15 26 -1.9529409415181953
15 27 -3.9058818830363906
15 28 -3.131949786529149
15 29 -6.263899573058298
15 30 -2.3299706266784943
15 31 -4.659941253356989
15 32 1.9116596910667565
15 33 3.823319382133513
15 34 5.7787996189631645
15 35 11.557599237926329
15 36 -0.6648319599405821
15 37 -1.3296639198811642
15 38 8.679570637640621
15 39 17.359141275281242
16 -11.227156576503155
16 17 10.659893427689198
16 18 4.440892098500626e-16
16 19 8.881784197001252e-16
16 20 2.4993005944822477
16 21 4.9986011889644955
16 22 1.45692185924121
16 23 2.91384371848242
16 24 0.8579046240070093
16 25 1.7158092480140186
16 26 -0.09857825327709077
16 27 -0.19715650655418154
16 28 -0.11474764575667257
16 29 -0.22949529151334513
16 30 0.7442428855351114
16 31 1.4884857710702228
16 32 0.05044117747085239
16 33 0.10088235494170478
16 34 -0.174980540792862
16 35 -0.349961081585724
16 36 0.9456278739318063
16 37 1.8912557478636125
16 38 -1.2238164443953337
16 39 -2.4476328887906673
17 -17.12436643916171
17 18 8.881784197001252e-16
17 19 1.7763568394002505e-15
17 20 4.9986011889644955
17 21 9.997202377928991
17 22 2.91384371848242
17 23 5.82768743696484
17 24 1.7158092480140186
17 25 3.431618496028037
17 26 -0.19715650655418154
17 27 -0.3943130131083631
17 28 -0.22949529151334513
17 29 -0.45899058302669027
17 30 1.4884857710702228
17 31 2.9769715421404457
17 32 0.10088235494170478
17 33 0.20176470988340955
17 34 -0.349961081585724
17 35 -0.699922163171448
17 36 1.8912557478636125
17 37 3.782511495727225
17 38 -2.4476328887906673
17 39 -4.895265777581335
18 -31.827591818196215
18 19 10.659893427689198
18 20 -1.45692185924121
18 21 -2.91384371848242
18 22 2.499300594482248
18 23 4.998601188964496
18 24 0.09857825327709072
18 25 0.19715650655418143
18 26 0.8579046240070094
18 27 1.7158092480140188
18 28 -0.7442428855351118
18 29 -1.4884857710702235
18 30 -0.1147476457566726
18 31 -0.2294952915133452
18 32 0.17498054079286185
18 33 0.3499610815857237
18 34 0.050441177470852055
18 35 0.10088235494170411
18 36 1.2238164443953337
18 37 2.4476328887906673
18 38 0.9456278739318063
18 39 1.8912557478636125
19 -58.32523692254783
19 20 -2.91384371848242
19 21 -5.82768743696484
19 22 4.998601188964496
19 23 9.997202377928993
19 24 0.19715650655418143
19 25 0.39431301310836286
19 26 1.7158092480140188
19 27 3.4316184960280376
19 28 -1.4884857710702235
19 29 -2.976971542140447
19 30 -0.2294952915133452
19 31 -0.4589905830266904
19 32 0.3499610815857237
19 33 0.6999221631714474
19 34 0.10088235494170411
19 35 0.20176470988340822
19 36 2.4476328887906673
19 37 4.895265777581335
19 38 1.8912557478636125
19 39 3.782511495727225
20 18.85224166646309
20 21 13.182674212240673
20 22 1.5959455978986625e-16
20 23 3.191891195797325e-16
20 24 -0.02443817532588155
20 25 -0.0488763506517631
20 26 -1.147807472852882
20 27 -2.295614945705764
20 28 -0.5473461206056627
20 29 -1.0946922412113254
20 30 1.021299347805474
20 31 2.042598695610948
20 32 -0.5556948134546487
20 33 -1.1113896269092973
20 34 -0.4414670054754004
20 35 -0.8829340109508008
20 36 -0.7186208381463914
20 37 -1.4372416762927829
20 38 -0.7687536901997016
20 39 -1.5375073803994033
21 44.295820439046516
21 22 3.191891195797325e-16
21 23 6.38378239159465e-16
21 24 -0.0488763506517631
21 25 -0.0977527013035262
21 26 -2.295614945705764
21 27 -4.591229891411528
21 28 -1.0946922412113254
21 29 -2.1893844824226507
21 30 2.042598695610948
21 31 4.085197391221896
21 32 -1.1113896269092973
21 33 -2.2227792538185946
21 34 -0.8829340109508008
21 35 -1.7658680219016016
21 36 -1.4372416762927829
21 37 -2.8744833525855658
21 38 -1.5375073803994033
21 39 -3.0750147607988065
22 -14.504168775014731
22 23 13.182674212240673
22 24 1.147807472852882
22 25 2.295614945705764
22 26 -0.02443817532588141
22 27 -0.04887635065176282
22 28 -1.021299347805474
22 29 -2.042598695610948
22 30 -0.5473461206056626
22 31 -1.0946922412113251
22 32 0.4414670054754005
22 33 0.882934010950801
22 34 -0.5556948134546488
22 35 -1.1113896269092975
22 36 0.7687536901997015
22 37 1.537507380399403
22 38 -0.7186208381463914
22 39 -1.4372416762927829
23 -22.417000443909124
23 24 2.295614945705764
23 25 4.591229891411528
23 26 -0.04887635065176282
23 27 -0.09775270130352565
23 28 -2.042598695610948
23 29 -4.085197391221896
23 30 -1.0946922412113251
23 31 -2.1893844824226503
23 32 0.882934010950801
23 33 1.765868021901602
23 34 -1.1113896269092975
23 35 -2.222779253818595
23 36 1.537507380399403
23 37 3.075014760798806
23 38 -1.4372416762927829
23 39 -2.8744833525855658
24 -11.535554919878752
24 25 18.468507907844234
24 26 4.440892098500626e-16
24 27 8.881784197001252e-16
24 28 2.9068901422157896
24 29 5.813780284431579
24 30 -0.9320012124917386
24 31 -1.8640024249834772
24 32 0.8904334125443685
24 33 1.780866825088737
24 34 -0.2661106025624712
24 35 -0.5322212051249424
24 36 -0.47950516397996945
24 37 -0.9590103279599389
24 38 -1.7374329313046046
24 39 -3.4748658626092093
25 -13.836855885835387
25 26 8.881784197001252e-16
25 27 1.7763568394002505e-15
25 28 5.813780284431579
25 29 11.627560568863158
25 30 -1.8640024249834772
25 31 -3.7280048499669545
25 32 1.780866825088737
25 33 3.561733650177474
25 34 -0.5322212051249424
25 35 -1.0644424102498848
25 36 -0.9590103279599389
25 37 -1.9180206559198778
25 38 -3.4748658626092093
25 39 -6.9497317252184185
26 -14.272104309963847
26 27 18.468507907844234
26 28 0.9320012124917391
26 29 1.8640024249834781
26 30 2.9068901422157896
26 31 5.813780284431579
26 32 0.2661106025624715
26 33 0.532221205124943
26 34 0.8904334125443689
26 35 1.7808668250887378
26 36 1.7374329313046046
26 37 3.4748658626092093
26 38 -0.47950516397996945
26 39 -0.9590103279599389
27 -19.309954666005577
27 28 1.8640024249834781
27 29 3.7280048499669562
27 30 5.813780284431579
27 31 11.627560568863158
27 32 0.532221205124943
27 33 1.064442410249886
27 34 1.7808668250887378
27 35 3.5617336501774757
27 36 3.4748658626092093
27 37 6.9497317252184185
27 38 -0.9590103279599389
27 39 -1.9180206559198778
28 4.432496664084844
28 29 12.699600889146971
28 30 1.6653345369377348e-16
28 31 3.3306690738754696e-16
28 32 -0.7709266047716411
28 33 -1.5418532095432822
28 34 2.6741667815196504
28 35 5.348333563039301
28 36 -0.15394438263216478
28 37 -0.30788876526432957
28 38 -1.9900862808179263
28 39 -3.9801725616358525
29 15.214793772743175
29 30 3.3306690738754696e-16
29 31 6.661338147750939e-16
29 32 -1.5418532095432822
29 33 -3.0837064190865644
29 34 5.348333563039301
29 35 10.696667126078601
29 36 -0.30788876526432957
29 37 -0.6157775305286591
29 38 -3.9801725616358525
29 39 -7.960345123271705
30 1.4584151626911823
30 31 12.699600889146971
30 32 -2.6741667815196504
30 33 -5.348333563039301
30 34 -0.7709266047716411
30 35 -1.5418532095432822
30 36 1.9900862808179263
30 37 3.9801725616358525
30 38 -0.15394438263216467
30 39 -0.30788876526432934
31 9.26663076995585
31 32 -5.348333563039301
31 33 -10.696667126078601
31 34 -1.5418532095432822
31 35 -3.0837064190865644
31 36 3.9801725616358525
31 37 7.960345123271705
31 38 -0.30788876526432934
31 39 -0.6157775305286587
32 -35.43896515157688
32 33 23.635798825055502
32 34 4.996003610813204e-16
32 35 9.992007221626409e-16
32 36 1.4754959204778915
32 37 2.950991840955783
32 38 0.8944132824813587
32 39 1.7888265649627173
33 -59.06003089062601
33 34 9.992007221626409e-16
33 35 1.9984014443252818e-15
33 36 2.950991840955783
33 37 5.901983681911566
33 38 1.7888265649627173
33 39 3.5776531299254346
34 1.0928424260802236
34 35 23.635798825055502
34 36 -0.8944132824813584
34 37 -1.7888265649627169
34 38 1.4754959204778912
34 39 2.9509918409557825
35 14.0035842646882
35 36 -1.7888265649627169
35 37 -3.5776531299254337
35 38 2.9509918409557825
35 39 5.901983681911565
36 -21.113165278590778
36 37 12.00485973089535
36 38 4.440892098500626e-16
36 39 8.881784197001252e-16
37 -36.22390069173388
37 38 8.881784197001252e-16
37 39 1.7763568394002505e-15
38 -22.936862619883104
38 39 12.00485973089535
39 -39.871295374318535
