40
1100111011000101001101001111110110110001
0 8.450367859421789
0 1 18.94438705989672
0 2 7.771561172376096e-16
0 3 1.5543122344752192e-15
0 4 -0.19757520854553567
0 5 -0.39515041709107135
0 6 1.0807489865425643
0 7 2.1614979730851287
0 8 0.22325911092893258
0 9 0.44651822185786516
0 10 3.5014019393805267
0 11 7.002803878761053
0 12 2.8137180052959154
0 13 5.627436010591831
0 14 -3.5553409381712053
0 15 -7.110681876342411
0 16 -1.380076138816734
0 17 -2.760152277633468
0 18 1.2104920728442496
0 19 2.4209841456884993
0 20 1.0838282613596963
0 21 2.1676565227193927
0 22 -1.9494117743474049
0 23 -3.8988235486948097
0 24 -0.8263996138836016
0 25 -1.6527992277672032
0 26 -1.6546910252915787
0 27 -3.3093820505831575
0 28 -0.4017129436739765
0 29 -0.803425887347953
0 30 -1.3169341933973295
0 31 -2.633868386794659
0 32 -0.9824630379178219
0 33 -1.9649260758356437
0 34 -0.0788864942362672
0 35 -0.1577729884725344
0 36 0.8710721356866041
0 37 1.7421442713732083
0 38 1.8994823038751512
0 39 3.7989646077503023
1 26.372929248791934
1 2 1.5543122344752192e-15
1 3 3.1086244689504383e-15
1 4 -0.39515041709107135
1 5 -0.7903008341821427
1 6 2.1614979730851287
1 7 4.322995946170257
1 8 0.44651822185786516
1 9 0.8930364437157303
1 10 7.002803878761053
1 11 14.005607757522107
1 12 5.627436010591831
1 13 11.254872021183662
1 14 -7.110681876342411
1 15 -14.221363752684821
1 16 -2.760152277633468
1 17 -5.520304555266936
1 18 2.4209841456884993
1 19 4.841968291376999
1 20 2.1676565227193927
1 21 4.335313045438785
1 22 -3.8988235486948097
1 23 -7.7976470973896195
1 24 -1.6527992277672032
1 25 -3.3055984555344065
1 26 -3.3093820505831575
1 27 -6.618764101166315
1 28 -0.803425887347953
1 29 -1.606851774695906
1 30 -2.633868386794659
1 31 -5.267736773589318
1 32 -1.9649260758356437
1 33 -3.9298521516712874
1 34 -0.1577729884725344
1 35 -0.3155459769450688
1 36 1.7421442713732083
1 37 3.4842885427464165
1 38 3.7989646077503023
1 39 7.597929215500605
2 -10.628615535513855
2 3 18.94438705989672
2 4 -1.0807489865425643
2 5 -2.1614979730851287
2 6 -0.19757520854553545
2 7 -0.3951504170910709
2 8 -3.5014019393805267
2 9 -7.002803878761053
2 10 0.2232591109289327
2 11 0.4465182218578654
2 12 3.555340938171206
2 13 7.110681876342412
2 14 2.8137180052959154
2 15 5.627436010591831
2 16 -1.2104920728442499
2 17 -2.4209841456884997
2 18 -1.3800761388167337
2 19 -2.7601522776334675
2 20 1.949411774347405
2 21 3.89882354869481
2 22 1.0838282613596963
2 23 2.1676565227193927
2 24 1.6546910252915787
2 25 3.3093820505831575
2 26 -0.8263996138836014
2 27 -1.6527992277672028
2 28 1.3169341933973293
2 29 2.6338683867946586
2 30 -0.4017129436739767
2 31 -0.8034258873479534
2 32 0.07888649423626698
2 33 0.15777298847253396
2 34 -0.9824630379178216
2 35 -1.9649260758356433
2 36 -1.8994823038751512
2 37 -3.7989646077503023
2 38 0.8710721356866041
2 39 1.7421442713732083
3 -11.785037541079355
3 4 -2.1614979730851287
3 5 -4.322995946170257
3 6 -0.3951504170910709
3 7 -0.7903008341821418
3 8 -7.002803878761053
3 9 -14.005607757522107
3 10 0.4465182218578654
3 11 0.8930364437157308
3 12 7.110681876342412
3 13 14.221363752684823
3 14 5.627436010591831
3 15 11.254872021183662
3 16 -2.4209841456884997
3 17 -4.8419682913769995
3 18 -2.7601522776334675
3 19 -5.520304555266935
3 20 3.89882354869481
3 21 7.79764709738962
3 22 2.1676565227193927
3 23 4.335313045438785
3 24 3.3093820505831575
3 25 6.618764101166315
3 26 -1.6527992277672028
3 27 -3.3055984555344056
3 28 2.6338683867946586
3 29 5.267736773589317
3 30 -0.8034258873479534
3 31 -1.6068517746959068
3 32 0.15777298847253396
3 33 0.3155459769450679
3 34 -1.9649260758356433
3 35 -3.9298521516712865
3 36 -3.7989646077503023
3 37 -7.597929215500605
3 38 1.7421442713732083
3 39 3.4842885427464165
4 -4.913628921543842
4 5 4.663039516447016
4 6 1.3877787807814457e-16
4 7 2.7755575615628914e-16
4 8 -1.1192135790781546
4 9 -2.238427158156309
4 10 0.7359419900251939
4 11 1.4718839800503878
4 12 -0.41645710354460025
4 13 -0.8329142070892005
4 14 -0.2038358794934026
4 15 -0.4076717589868052
4 16 1.3708515878105212
4 17 2.7417031756210424
4 18 0.0678191569991109
4 19 0.1356383139982218
4 20 1.3645334717043829
4 21 2.7290669434087658
4 22 -0.16290340149566407
4 23 -0.32580680299132814
4 24 -0.44102273955669247
4 25 -0.8820454791133849
4 26 1.4030192957700556
4 27 2.806038591540111
4 28 -1.7226865911292053
4 29 -3.4453731822584106
4 30 1.3644810449003653
4 31 2.7289620898007305
4 32 0.3673652695194579
4 33 0.7347305390389158
4 34 -1.5031967360223728
4 35 -3.0063934720447456
4 36 -0.09953328903292588
4 37 -0.19906657806585176
4 38 -1.0324206477101763
4 39 -2.0648412954203526
5 -7.495738084864176
5 6 2.7755575615628914e-16
5 7 5.551115123125783e-16
5 8 -2.238427158156309
5 9 -4.476854316312618
5 10 1.4718839800503878
5 11 2.9437679601007756
5 12 -0.8329142070892005
5 13 -1.665828414178401
5 14 -0.4076717589868052
5 15 -0.8153435179736104
5 16 2.7417031756210424
5 17 5.483406351242085
5 18 0.1356383139982218
5 19 0.2712766279964436
5 20 2.7290669434087658
5 21 5.4581338868175315
5 22 -0.32580680299132814
5 23 -0.6516136059826563
5 24 -0.8820454791133849
5 25 -1.7640909582267699
5 26 2.806038591540111
5 27 5.612077183080222
5 28 -3.4453731822584106
5 29 -6.890746364516821
5 30 2.7289620898007305
5 31 5.457924179601461
5 32 0.7347305390389158
5 33 1.4694610780778317
5 34 -3.0063934720447456
5 35 -6.012786944089491
5 36 -0.19906657806585176
5 37 -0.3981331561317035
5 38 -2.0648412954203526
5 39 -4.129682590840705
6 -3.500064693387608
6 7 4.663039516447016
6 8 -0.7359419900251942
6 9 -1.4718839800503885
6 10 -1.1192135790781546
6 11 -2.238427158156309
6 12 0.2038358794934026
6 13 0.4076717589868052
6 14 -0.41645710354460025
6 15 -0.8329142070892005
6 16 -0.06781915699911067
6 17 -0.13563831399822135
6 18 1.3708515878105212
6 19 2.7417031756210424
6 20 0.1629034014956643
6 21 0.3258068029913286
6 22 1.3645334717043829
6 23 2.7290669434087658
6 24 -1.4030192957700556
6 25 -2.806038591540111
6 26 -0.4410227395566924
6 27 -0.8820454791133848
6 28 -1.3644810449003655
6 29 -2.728962089800731
6 30 -1.7226865911292053
6 31 -3.4453731822584106
6 32 1.503196736022373
6 33 3.006393472044746
6 34 0.36736526951945764
6 35 0.7347305390389153
6 36 1.0324206477101763
6 37 2.0648412954203526
6 38 -0.09953328903292583
6 39 -0.19906657806585165
7 -4.668609628551708
7 8 -1.4718839800503885
7 9 -2.943767960100777
7 10 -2.238427158156309
7 11 -4.476854316312618
7 12 0.4076717589868052
7 13 0.8153435179736104
7 14 -0.8329142070892005
7 15 -1.665828414178401
7 16 -0.13563831399822135
7 17 -0.2712766279964427
7 18 2.7417031756210424
7 19 5.483406351242085
7 20 0.3258068029913286
7 21 0.6516136059826572
7 22 2.7290669434087658
7 23 5.4581338868175315
7 24 -2.806038591540111
7 25 -5.612077183080222
7 26 -0.8820454791133848
7 27 -1.7640909582267696
7 28 -2.728962089800731
7 29 -5.457924179601462
7 30 -3.4453731822584106
7 31 -6.890746364516821
7 32 3.006393472044746
7 33 6.012786944089492
7 34 0.7347305390389153
7 35 1.4694610780778306
7 36 2.0648412954203526
7 37 4.129682590840705
7 38 -0.19906657806585165
7 39 -0.3981331561317033
8 24.13886397121156
8 9 16.70512684775819
8 10 2.220446049250313e-16
8 11 4.440892098500626e-16
8 12 -4.359719751376851
8 13 -8.719439502753701
8 14 -0.5840301029197555
8 15 -1.168060205839511
8 16 -1.772311280793141
8 17 -3.544622561586282
8 18 -1.6324023553189129
8 19 -3.2648047106378257
8 20 -3.6489071330371328
8 21 -7.2978142660742655
8 22 -1.9175297065900987
8 23 -3.8350594131801974
8 24 -0.10564318675054263
8 25 -0.21128637350108526
8 26 -1.7488428145381476
8 27 -3.497685629076295
8 28 3.178317566297424
8 29 6.356635132594848
8 30 2.3135502406109048
8 31 4.6271004812218095
8 32 -0.6969883219845231
8 33 -1.3939766439690462
8 34 1.3271368244802828
8 35 2.6542736489605656
8 36 -1.0028783110116044
8 37 -2.005756622023209
8 38 1.47898003015744
8 39 2.95796006031488
9 56.63029136630222
9 10 4.440892098500626e-16
9 11 8.881784197001252e-16
9 12 -8.719439502753701
9 13 -17.438879005507403
9 14 -1.168060205839511
9 15 -2.336120411679022
9 16 -3.544622561586282
9 17 -7.089245123172564
9 18 -3.2648047106378257
9 19 -6.5296094212756515
9 20 -7.2978142660742655
9 21 -14.595628532148531
9 22 -3.8350594131801974
9 23 -7.670118826360395
9 24 -0.21128637350108526
9 25 -0.4225727470021705
9 26 -3.497685629076295
9 27 -6.99537125815259
9 28 6.356635132594848
9 29 12.713270265189696
9 30 4.6271004812218095
9 31 9.254200962443619
9 32 -1.3939766439690462
9 33 -2.7879532879380924
9 34 2.6542736489605656
9 35 5.308547297921131
9 36 -2.005756622023209
9 37 -4.011513244046418
9 38 2.95796006031488
9 39 5.91592012062976
10 15.14571016766038
10 11 16.705126847758194
10 12 0.5840301029197555
10 13 1.168060205839511
10 14 -4.3597197513768515
10 15 -8.719439502753703
10 16 1.6324023553189126
10 17 3.2648047106378253
10 18 -1.7723112807931412
10 19 -3.5446225615862823
10 20 1.917529706590098
10 21 3.835059413180196
10 22 -3.648907133037133
10 23 -7.297814266074266
10 24 1.7488428145381474
10 25 3.4976856290762948
10 26 -0.10564318675054252
10 27 -0.21128637350108503
10 28 -2.3135502406109043
10 29 -4.627100481221809
10 30 3.178317566297424
10 31 6.356635132594848
10 32 -1.327136824480283
10 33 -2.654273648960566
10 34 -0.6969883219845231
10 35 -1.3939766439690462
10 36 -1.47898003015744
10 37 -2.95796006031488
10 38 -1.0028783110116044
10 39 -2.005756622023209
11 38.643983759199855
11 12 1.168060205839511
11 13 2.336120411679022
11 14 -8.719439502753703
11 15 -17.438879005507406
11 16 3.2648047106378253
11 17 6.529609421275651
11 18 -3.5446225615862823
11 19 -7.089245123172565
11 20 3.835059413180196
11 21 7.670118826360392
11 22 -7.297814266074266
11 23 -14.595628532148533
11 24 3.4976856290762948
11 25 6.9953712581525895
11 26 -0.21128637350108503
11 27 -0.42257274700217007
11 28 -4.627100481221809
11 29 -9.254200962443617
11 30 6.356635132594848
11 31 12.713270265189696
11 32 -2.654273648960566
11 33 -5.308547297921132
11 34 -1.3939766439690462
11 35 -2.7879532879380924
11 36 -2.95796006031488
11 37 -5.91592012062976
11 38 -2.005756622023209
11 39 -4.011513244046418
12 -4.309253129442112
12 13 17.329442769044785
12 14 3.608224830031759e-16
12 15 7.216449660063518e-16
12 16 -3.4652643646729535
12 17 -6.930528729345907
12 18 1.9904244801838415
12 19 3.980848960367683
12 20 1.853288249011546
12 21 3.706576498023092
12 22 0.8535624067007808
12 23 1.7071248134015615
12 24 -0.04498116428646837
12 25 -0.08996232857293673
12 26 -0.9953298003877938
12 27 -1.9906596007755877
12 28 -0.2584087618028732
12 29 -0.5168175236057464
12 30 -3.435686441867979
12 31 -6.871372883735958
12 32 -1.6351208295481643
12 33 -3.2702416590963286
12 34 -1.1748674870516207
12 35 -2.3497349741032414
12 36 0.0883473492878214
12 37 0.1766946985756428
12 38 1.3016662225675728
12 39 2.6033324451351456
13 0.046215125638166654
13 14 7.216449660063518e-16
13 15 1.4432899320127035e-15
13 16 -6.930528729345907
13 17 -13.861057458691814
13 18 3.980848960367683
13 19 7.961697920735366
13 20 3.706576498023092
13 21 7.413152996046184
13 22 1.7071248134015615
13 23 3.414249626803123
13 24 -0.08996232857293673
13 25 -0.17992465714587347
13 26 -1.9906596007755877
13 27 -3.9813192015511754
13 28 -0.5168175236057464
13 29 -1.0336350472114928
13 30 -6.871372883735958
13 31 -13.742745767471916
13 32 -3.2702416590963286
13 33 -6.540483318192657
13 34 -2.3497349741032414
13 35 -4.699469948206483
13 36 0.1766946985756428
13 37 0.3533893971512856
13 38 2.6033324451351456
13 39 5.206664890270291
14 -6.200498762927069
14 15 17.329442769044785
14 16 -1.990424480183842
14 17 -3.980848960367684
14 18 -3.4652643646729535
14 19 -6.930528729345907
14 20 -0.8535624067007808
14 21 -1.7071248134015615
14 22 1.8532882490115463
14 23 3.7065764980230926
14 24 0.9953298003877938
14 25 1.9906596007755877
14 26 -0.04498116428646859
14 27 -0.08996232857293718
14 28 3.4356864418679782
14 29 6.8713728837359564
14 30 -0.2584087618028732
14 31 -0.5168175236057464
14 32 1.1748674870516207
14 33 2.3497349741032414
14 34 -1.6351208295481645
14 35 -3.270241659096329
14 36 -1.3016662225675726
14 37 -2.603332445135145
14 38 0.0883473492878214
14 39 0.1766946985756428
15 -3.736276141331743
15 16 -3.980848960367684
15 17 -7.961697920735368
15 18 -6.930528729345907
15 19 -13.861057458691814
15 20 -1.7071248134015615
15 21 -3.414249626803123
15 22 3.7065764980230926
15 23 7.413152996046185
15 24 1.9906596007755877
15 25 3.9813192015511754
15 26 -0.08996232857293718
15 27 -0.17992465714587436
15 28 6.8713728837359564
15 29 13.742745767471913
15 30 -0.5168175236057464
15 31 -1.0336350472114928
15 32 2.3497349741032414
15 33 4.699469948206483
15 34 -3.270241659096329
15 35 -6.540483318192658
15 36 -2.603332445135145
15 37 -5.20666489027029
15 38 0.1766946985756428
15 39 0.3533893971512856
16 -4.268537255022117
16 17 13.710320201794607
16 18 4.440892098500626e-16
16 19 8.881784197001252e-16
16 20 -0.5371391393656102
16 21 -1.0742782787312204
16 22 0.44310508306385255
16 23 0.8862101661277051
16 24 -0.43765430894036494
16 25 -0.8753086178807299
16 26 0.1894263240265766
16 27 0.3788526480531532
16 28 -2.3629868311152173
16 29 -4.725973662230435
16 30 0.3099397233201595
16 31 0.619879446640319
16 32 2.359046535793402
16 33 4.718093071586804
16 34 1.272633193078717
16 35 2.545266386157434
16 36 1.449208260954184
16 37 2.898416521908368
16 38 -2.4196668850427105
16 39 -4.839333770085421
17 -1.6819144091469305
17 18 8.881784197001252e-16
17 19 1.7763568394002505e-15
17 20 -1.0742782787312204
17 21 -2.148556557462441
17 22 0.8862101661277051
17 23 1.7724203322554102
17 24 -0.8753086178807299
17 25 -1.7506172357614598
17 26 0.3788526480531532
17 27 0.7577052961063064
17 28 -4.725973662230435
17 29 -9.45194732446087
17 30 0.619879446640319
17 31 1.239758893280638
17 32 4.718093071586804
17 33 9.436186143173607
17 34 2.545266386157434
17 35 5.090532772314868
17 36 2.898416521908368
17 37 5.796833043816736
17 38 -4.839333770085421
17 39 -9.678667540170842
18 -10.629822739994731
18 19 13.710320201794609
18 20 -0.4431050830638526
18 21 -0.8862101661277052
18 22 -0.5371391393656102
18 23 -1.0742782787312204
18 24 -0.18942632402657683
18 25 -0.37885264805315366
18 26 -0.43765430894036506
18 27 -0.8753086178807301
18 28 -0.30993972332015995
18 29 -0.6198794466403199
18 30 -2.3629868311152173
18 31 -4.725973662230435
18 32 -1.2726331930787165
18 33 -2.545266386157433
18 34 2.3590465357934014
18 35 4.718093071586803
18 36 2.4196668850427105
18 37 4.839333770085421
18 38 1.449208260954184
18 39 2.898416521908368
19 -14.404485379092158
19 20 -0.8862101661277052
19 21 -1.7724203322554104
19 22 -1.0742782787312204
19 23 -2.148556557462441
19 24 -0.37885264805315366
19 25 -0.7577052961063073
19 26 -0.8753086178807301
19 27 -1.7506172357614602
19 28 -0.6198794466403199
19 29 -1.2397588932806398
19 30 -4.725973662230435
19 31 -9.45194732446087
19 32 -2.545266386157433
19 33 -5.090532772314866
19 34 4.718093071586803
19 35 9.436186143173606
19 36 4.839333770085421
19 37 9.678667540170842
19 38 2.898416521908368
19 39 5.796833043816736
20 -0.7618995973620457
20 21 15.848997553677139
20 22 5.551115123125783e-16
20 23 1.1102230246251565e-15
20 24 -0.7829379863097063
20 25 -1.5658759726194127
20 26 0.44992075356544414
20 27 0.8998415071308883
20 28 -3.5173800511698907
20 29 -7.034760102339781
20 30 1.73491812727707
20 31 3.46983625455414
20 32 0.3403609953267235
20 33 0.680721990653447
20 34 -3.578005806690827
20 35 -7.156011613381654
20 36 -0.16902369041023957
20 37 -0.33804738082047914
20 38 0.4606773475806214
20 39 0.9213546951612428
21 6.400699582114479
21 22 1.1102230246251565e-15
21 23 2.220446049250313e-15
21 24 -1.5658759726194127
21 25 -3.1317519452388254
21 26 0.8998415071308883
21 27 1.7996830142617766
21 28 -7.034760102339781
21 29 -14.069520204679563
21 30 3.46983625455414
21 31 6.93967250910828
21 32 0.680721990653447
21 33 1.361443981306894
21 34 -7.156011613381654
21 35 -14.312023226763309
21 36 -0.33804738082047914
21 37 -0.6760947616409583
21 38 0.9213546951612428
21 39 1.8427093903224856
22 -13.407239652774852
22 23 15.848997553677139
22 24 -0.4499207535654439
22 25 -0.8998415071308878
22 26 -0.7829379863097061
22 27 -1.5658759726194122
22 28 -1.7349181272770704
22 29 -3.469836254554141
22 30 -3.5173800511698907
22 31 -7.034760102339781
22 32 3.578005806690827
22 33 7.156011613381654
22 34 0.3403609953267235
22 35 0.680721990653447
22 36 -0.4606773475806213
22 37 -0.9213546951612426
22 38 -0.16902369041023957
22 39 -0.33804738082047914
23 -18.88998052871113
23 24 -0.8998415071308878
23 25 -1.7996830142617757
23 26 -1.5658759726194122
23 27 -3.1317519452388245
23 28 -3.469836254554141
23 29 -6.939672509108282
23 30 -7.034760102339781
23 31 -14.069520204679563
23 32 7.156011613381654
23 33 14.312023226763309
23 34 0.680721990653447
23 35 1.361443981306894
23 36 -0.9213546951612426
23 37 -1.8427093903224852
23 38 -0.33804738082047914
23 39 -0.6760947616409583
24 -12.813497705270176
24 25 16.134239867525096
24 26 6.661338147750939e-16
24 27 1.3322676295501878e-15
24 28 1.0662719700048562
24 29 2.1325439400097124
24 30 1.931583647723032
24 31 3.863167295446064
24 32 -0.744522652061186
24 33 -1.489045304122372
24 34 1.626995118531705
24 35 3.25399023706341
24 36 -3.6475953318524477
24 37 -7.295190663704895
24 38 0.8584808359685752
24 39 1.7169616719371503
25 -17.559875476777805
25 26 1.3322676295501878e-15
25 27 2.6645352591003757e-15
25 28 2.1325439400097124
25 29 4.265087880019425
25 30 3.863167295446064
25 31 7.726334590892128
25 32 -1.489045304122372
25 33 -2.978090608244744
25 34 3.25399023706341
25 35 6.50798047412682
25 36 -7.295190663704895
25 37 -14.59038132740979
25 38 1.7169616719371503
25 39 3.4339233438743006
26 12.940377300231946
26 27 16.134239867525096
26 28 -1.9315836477230315
26 29 -3.863167295446063
26 30 1.0662719700048562
26 31 2.1325439400097124
26 32 -1.626995118531705
26 33 -3.25399023706341
26 34 -0.7445226520611861
26 35 -1.4890453041223721
26 36 -0.8584808359685756
26 37 -1.7169616719371512
26 38 -3.6475953318524477
26 39 -7.295190663704895
27 33.94787453422644
27 28 -3.863167295446063
27 29 -7.726334590892126
27 30 2.1325439400097124
27 31 4.265087880019425
27 32 -3.25399023706341
27 33 -6.50798047412682
27 34 -1.4890453041223721
27 35 -2.9780906082447443
27 36 -1.7169616719371512
27 37 -3.4339233438743024
27 38 -7.295190663704895
27 39 -14.59038132740979
28 6.478745266878695
28 29 18.381705322834943
28 30 4.440892098500626e-16
28 31 8.881784197001252e-16
28 32 -4.036481463153013
28 33 -8.072962926306026
28 34 2.3793276952578086
28 35 4.758655390515617
28 36 -1.0549140658413867
28 37 -2.1098281316827734
28 38 2.5409050792520524
28 39 5.081810158504105
29 22.14834319517486
29 30 8.881784197001252e-16
29 31 1.7763568394002505e-15
29 32 -8.072962926306026
29 33 -16.145925852612052
29 34 4.758655390515617
29 35 9.517310781031235
29 36 -2.1098281316827734
29 37 -4.219656263365547
29 38 5.081810158504105
29 39 10.16362031700821
30 13.632162847069168
30 31 18.38170532283494
30 32 -2.379327695257809
30 33 -4.758655390515618
30 34 -4.036481463153013
30 35 -8.072962926306026
30 36 -2.540905079252052
30 37 -5.081810158504104
30 38 -1.0549140658413863
30 39 -2.1098281316827725
31 36.4551783555558
31 32 -4.758655390515618
31 33 -9.517310781031236
31 34 -8.072962926306026
31 35 -16.145925852612052
31 36 -5.081810158504104
31 37 -10.163620317008208
31 38 -2.1098281316827725
31 39 -4.219656263365545
32 -12.482986858747417
32 33 12.911567147677552
32 34 4.440892098500626e-16
32 35 8.881784197001252e-16
32 36 1.4227504446685013
32 37 2.8455008893370026
32 38 0.2642907663948728
32 39 0.5285815327897456
33 -18.510190143656054
33 34 8.881784197001252e-16
33 35 1.7763568394002505e-15
33 36 2.8455008893370026
33 37 5.691001778674005
33 38 0.5285815327897456
33 39 1.0571630655794912
34 -1.8999334099337672
34 35 12.91156714767755
34 36 -0.26429076639487253
34 37 -0.5285815327897451
34 38 1.4227504446685013
34 39 2.8455008893370026
35 2.6559167539712423
35 36 -0.5285815327897451
35 37 -1.0571630655794901
35 38 2.8455008893370026
35 39 5.691001778674005
36 1.8051099238592307
36 37 11.207160610004447
36 38 2.220446049250313e-16
36 39 4.440892098500626e-16
37 9.213800152720683
37 38 4.440892098500626e-16
37 39 8.881784197001252e-16
38 -11.74308040112495
38 39 11.207160610004447
39 -17.882580497247673
