40
1100111011000101001101001111110110110001
0 -8.9684279171557
0 1 9.231375145388263
0 2 1.1102230246251565e-16
0 3 2.220446049250313e-16
0 4 0.7071271061674955
0 5 1.414254212334991
0 6 -0.8689202411423715
0 7 -1.737840482284743
0 8 3.3106384265470554
0 9 6.621276853094111
0 10 -1.4131249482335
0 11 -2.826249896467
0 12 0.1281849614833196
0 13 0.2563699229666392
0 14 -1.567583033272976
0 15 -3.135166066545952
0 16 3.1603721133295517
0 17 6.320744226659103
0 18 -0.12193432424011791
0 19 -0.24386864848023582
0 20 -0.9477704189600014
0 21 -1.8955408379200027
0 22 -0.8589663875949574
0 23 -1.7179327751899147
0 24 1.0596384573889388
0 25 2.1192769147778776
0 26 -1.0488939515138096
0 27 -2.097787903027619
0 28 -1.0242605885502276
0 29 -2.0485211771004552
0 30 -0.7511698779414819
0 31 -1.5023397558829639
0 32 1.2742362334870552
0 33 2.5484724669741103
0 34 -0.8316173223493414
0 35 -1.6632346446986828
0 36 0.7136687227166683
0 37 1.4273374454333365
0 38 2.5297755946464573
0 39 5.059551189292915
1 -13.32116826161727
1 2 2.220446049250313e-16
1 3 4.440892098500626e-16
1 4 1.414254212334991
1 5 2.828508424669982
1 6 -1.737840482284743
1 7 -3.475680964569486
1 8 6.621276853094111
1 9 13.242553706188222
1 10 -2.826249896467
1 11 -5.652499792934
1 12 0.2563699229666392
1 13 0.5127398459332784
1 14 -3.135166066545952
1 15 -6.270332133091904
1 16 6.320744226659103
1 17 12.641488453318207
1 18 -0.24386864848023582
1 19 -0.48773729696047163
1 20 -1.8955408379200027
1 21 -3.7910816758400054
1 22 -1.7179327751899147
1 23 -3.4358655503798294
1 24 2.1192769147778776
1 25 4.238553829555755
1 26 -2.097787903027619
1 27 -4.195575806055238
1 28 -2.0485211771004552
1 29 -4.0970423542009105
1 30 -1.5023397558829639
1 31 -3.0046795117659277
1 32 2.5484724669741103
1 33 5.096944933948221
1 34 -1.6632346446986828
1 35 -3.3264692893973655
1 36 1.4273374454333365
1 37 2.854674890866673
1 38 5.059551189292915
1 39 10.11910237858583
2 -22.626649194529385
2 3 9.231375145388263
2 4 0.8689202411423715
2 5 1.737840482284743
2 6 0.7071271061674955
2 7 1.414254212334991
2 8 1.4131249482335007
2 9 2.8262498964670013
2 10 3.3106384265470554
2 11 6.621276853094111
2 12 1.567583033272976
2 13 3.135166066545952
2 14 0.1281849614833197
2 15 0.2563699229666394
2 16 0.1219343242401178
2 17 0.2438686484802356
2 18 3.1603721133295517
2 19 6.320744226659103
2 20 0.8589663875949571
2 21 1.7179327751899143
2 22 -0.9477704189600012
2 23 -1.8955408379200025
2 24 1.04889395151381
2 25 2.09778790302762
2 26 1.0596384573889386
2 27 2.119276914777877
2 28 0.7511698779414819
2 29 1.5023397558829639
2 30 -1.0242605885502274
2 31 -2.048521177100455
2 32 0.8316173223493415
2 33 1.663234644698683
2 34 1.2742362334870552
2 35 2.5484724669741103
2 36 -2.5297755946464573
2 37 -5.059551189292915
2 38 0.7136687227166683
2 39 1.4273374454333365
3 -40.637610816364635
3 4 1.737840482284743
3 5 3.475680964569486
3 6 1.414254212334991
3 7 2.828508424669982
3 8 2.8262498964670013
3 9 5.652499792934003
3 10 6.621276853094111
3 11 13.242553706188222
3 12 3.135166066545952
3 13 6.270332133091904
3 14 0.2563699229666394
3 15 0.5127398459332788
3 16 0.2438686484802356
3 17 0.4877372969604712
3 18 6.320744226659103
3 19 12.641488453318207
3 20 1.7179327751899143
3 21 3.4358655503798285
3 22 -1.8955408379200025
3 23 -3.791081675840005
3 24 2.09778790302762
3 25 4.19557580605524
3 26 2.119276914777877
3 27 4.238553829555754
3 28 1.5023397558829639
3 29 3.0046795117659277
3 30 -2.048521177100455
3 31 -4.09704235420091
3 32 1.663234644698683
3 33 3.326469289397366
3 34 2.5484724669741103
3 35 5.096944933948221
3 36 -5.059551189292915
3 37 -10.11910237858583
3 38 1.4273374454333365
3 39 2.854674890866673
4 -6.392787473893328
4 5 7.0852062350060985
4 6 5.551115123125783e-17
4 7 1.1102230246251565e-16
4 8 0.5292143716728751
4 9 1.0584287433457502
4 10 0.0003964966176298046
4 11 0.0007929932352596092
4 12 0.4563258629577083
4 13 0.9126517259154165
4 14 -2.830404509702678
4 15 -5.660809019405356
4 16 1.6922788909545163
4 17 3.3845577819090327
4 18 0.08733986207141048
4 19 0.17467972414282096
4 20 0.36324657158358764
4 21 0.7264931431671753
4 22 -0.3710725549011073
4 23 -0.7421451098022146
4 24 -1.5816049315122067
4 25 -3.1632098630244134
4 26 -0.040097097191471365
4 27 -0.08019419438294273
4 28 1.796412773393614
4 29 3.592825546787228
4 30 3.024608057493753
4 31 6.049216114987506
4 32 0.550576223025107
4 33 1.101152446050214
4 34 -0.6403784893921822
4 35 -1.2807569787843645
4 36 -1.1000021723217193
4 37 -2.2000043446434385
4 38 -0.8558507377342732
4 39 -1.7117014754685465
5 -9.242971830283608
5 6 1.1102230246251565e-16
5 7 2.220446049250313e-16
5 8 1.0584287433457502
5 9 2.1168574866915004
5 10 0.0007929932352596092
5 11 0.0015859864705192184
5 12 0.9126517259154165
5 13 1.825303451830833
5 14 -5.660809019405356
5 15 -11.321618038810712
5 16 3.3845577819090327
5 17 6.769115563818065
5 18 0.17467972414282096
5 19 0.3493594482856419
5 20 0.7264931431671753
5 21 1.4529862863343506
5 22 -0.7421451098022146
5 23 -1.4842902196044292
5 24 -3.1632098630244134
5 25 -6.326419726048827
5 26 -0.08019419438294273
5 27 -0.16038838876588546
5 28 3.592825546787228
5 29 7.185651093574456
5 30 6.049216114987506
5 31 12.098432229975012
5 32 1.101152446050214
5 33 2.202304892100428
5 34 -1.2807569787843645
5 35 -2.561513957568729
5 36 -2.2000043446434385
5 37 -4.400008689286877
5 38 -1.7117014754685465
5 39 -3.423402950937093
6 -8.441479507038174
6 7 7.0852062350060985
6 8 -0.00039649661762969357
6 9 -0.0007929932352593871
6 10 0.529214371672875
6 11 1.05842874334575
6 12 2.830404509702678
6 13 5.660809019405356
6 14 0.4563258629577085
6 15 0.912651725915417
6 16 -0.08733986207141053
6 17 -0.17467972414282107
6 18 1.6922788909545166
6 19 3.384557781909033
6 20 0.3710725549011072
6 21 0.7421451098022144
6 22 0.3632465715835877
6 23 0.7264931431671754
6 24 0.040097097191471365
6 25 0.08019419438294273
6 26 -1.5816049315122065
6 27 -3.163209863024413
6 28 -3.024608057493753
6 29 -6.049216114987506
6 30 1.7964127733936137
6 31 3.5928255467872274
6 32 0.6403784893921823
6 33 1.2807569787843647
6 34 0.5505762230251071
6 35 1.1011524460502142
6 36 0.8558507377342732
6 37 1.7117014754685465
6 38 -1.1000021723217193
6 39 -2.2000043446434385
7 -13.3403558965733
7 8 -0.0007929932352593871
7 9 -0.0015859864705187743
7 10 1.05842874334575
7 11 2.1168574866915
7 12 5.660809019405356
7 13 11.321618038810712
7 14 0.912651725915417
7 15 1.825303451830834
7 16 -0.17467972414282107
7 17 -0.34935944828564214
7 18 3.384557781909033
7 19 6.769115563818066
7 20 0.7421451098022144
7 21 1.4842902196044288
7 22 0.7264931431671754
7 23 1.4529862863343508
7 24 0.08019419438294273
7 25 0.16038838876588546
7 26 -3.163209863024413
7 27 -6.326419726048826
7 28 -6.049216114987506
7 29 -12.098432229975012
7 30 3.5928255467872274
7 31 7.185651093574455
7 32 1.2807569787843647
7 33 2.5615139575687293
7 34 1.1011524460502142
7 35 2.2023048921004285
7 36 1.7117014754685465
7 37 3.423402950937093
7 38 -2.2000043446434385
7 39 -4.400008689286877
8 -19.387368653584257
8 9 19.340414257275004
8 10 4.440892098500626e-16
8 11 8.881784197001252e-16
8 12 -0.06439664155312846
8 13 -0.12879328310625693
8 14 0.2019083966161126
8 15 0.4038167932322252
8 16 2.773709393566471
8 17 5.547418787132942
8 18 3.7686795282538528
8 19 7.5373590565077055
8 20 1.6394737630518275
8 21 3.278947526103655
8 22 0.7360797771907914
8 23 1.4721595543815829
8 24 2.5575542032416942
8 25 5.1151084064833885
8 26 -2.174908262887777
8 27 -4.349816525775554
8 28 -0.7527198009628844
8 29 -1.5054396019257688
8 30 -1.8257546160543539
8 31 -3.6515092321087077
8 32 0.6373485488407397
8 33 1.2746970976814793
8 34 -2.1626613944617454
8 35 -4.325322788923491
8 36 -1.4116932232688892
8 37 -2.8233864465377785
8 38 0.798128440331084
8 39 1.596256880662168
9 -29.10453017853101
9 10 8.881784197001252e-16
9 11 1.7763568394002505e-15
9 12 -0.12879328310625693
9 13 -0.25758656621251386
9 14 0.4038167932322252
9 15 0.8076335864644504
9 16 5.547418787132942
9 17 11.094837574265885
9 18 7.5373590565077055
9 19 15.074718113015411
9 20 3.278947526103655
9 21 6.55789505220731
9 22 1.4721595543815829
9 23 2.9443191087631657
9 24 5.1151084064833885
9 25 10.230216812966777
9 26 -4.349816525775554
9 27 -8.699633051551109
9 28 -1.5054396019257688
9 29 -3.0108792038515375
9 30 -3.6515092321087077
9 31 -7.303018464217415
9 32 1.2746970976814793
9 33 2.5493941953629586
9 34 -4.325322788923491
9 35 -8.650645577846982
9 36 -2.8233864465377785
9 37 -5.646772893075557
9 38 1.596256880662168
9 39 3.192513761324336
10 -19.64326813851936
10 11 19.340414257275004
10 12 -0.20190839661611248
10 13 -0.40381679323222497
10 14 -0.06439664155312902
10 15 -0.12879328310625804
10 16 -3.768679528253852
10 17 -7.537359056507704
10 18 2.773709393566471
10 19 5.547418787132942
10 20 -0.7360797771907913
10 21 -1.4721595543815826
10 22 1.6394737630518275
10 23 3.278947526103655
10 24 2.1749082628877776
10 25 4.349816525775555
10 26 2.5575542032416942
10 27 5.1151084064833885
10 28 1.8257546160543539
10 29 3.6515092321087077
10 30 -0.7527198009628844
10 31 -1.5054396019257688
10 32 2.162661394461746
10 33 4.325322788923492
10 34 0.6373485488407397
10 35 1.2746970976814793
10 36 -0.7981284403310842
10 37 -1.5962568806621684
10 38 -1.4116932232688892
10 39 -2.8233864465377785
11 -29.616329148401217
11 12 -0.40381679323222497
11 13 -0.8076335864644499
11 14 -0.12879328310625804
11 15 -0.2575865662125161
11 16 -7.537359056507704
11 17 -15.074718113015408
11 18 5.547418787132942
11 19 11.094837574265885
11 20 -1.4721595543815826
11 21 -2.9443191087631653
11 22 3.278947526103655
11 23 6.55789505220731
11 24 4.349816525775555
11 25 8.69963305155111
11 26 5.1151084064833885
11 27 10.230216812966777
11 28 3.6515092321087077
11 29 7.303018464217415
11 30 -1.5054396019257688
11 31 -3.0108792038515375
11 32 4.325322788923492
11 33 8.650645577846984
11 34 1.2746970976814793
11 35 2.5493941953629586
11 36 -1.5962568806621684
11 37 -3.192513761324337
11 38 -2.8233864465377785
11 39 -5.646772893075557
12 0.8363967160113468
12 13 18.975031130813093
12 14 5.551115123125783e-16
12 15 1.1102230246251565e-15
12 16 0.6098856685400755
12 17 1.219771337080151
12 18 0.23141264146840546
12 19 0.4628252829368109
12 20 3.209158249109656
12 21 6.418316498219312
12 22 -0.53151431695485
12 23 -1.0630286339097
12 24 1.3139330004941507
12 25 2.6278660009883015
12 26 -5.204321741739074
12 27 -10.408643483478148
12 28 -4.967648320808528
12 29 -9.935296641617056
12 30 5.760854729061723
12 31 11.521709458123446
12 32 -0.7294739958840091
12 33 -1.4589479917680181
12 34 1.2671066647465508
12 35 2.5342133294931015
12 36 -1.8079431485618467
12 37 -3.6158862971236934
12 38 -2.273266443276093
12 39 -4.546532886552186
13 11.160308997429238
13 14 1.1102230246251565e-15
13 15 2.220446049250313e-15
13 16 1.219771337080151
13 17 2.439542674160302
13 18 0.4628252829368109
13 19 0.9256505658736218
13 20 6.418316498219312
13 21 12.836632996438624
13 22 -1.0630286339097
13 23 -2.1260572678194
13 24 2.6278660009883015
13 25 5.255732001976603
13 26 -10.408643483478148
13 27 -20.817286966956296
13 28 -9.935296641617056
13 29 -19.87059328323411
13 30 11.521709458123446
13 31 23.043418916246893
13 32 -1.4589479917680181
13 33 -2.9178959835360363
13 34 2.5342133294931015
13 35 5.068426658986203
13 36 -3.6158862971236934
13 37 -7.231772594247387
13 38 -4.546532886552186
13 39 -9.093065773104373
14 -9.380847309893312
14 15 18.975031130813093
14 16 -0.23141264146840534
14 17 -0.4628252829368107
14 18 0.6098856685400756
14 19 1.2197713370801513
14 20 0.5315143169548502
14 21 1.0630286339097004
14 22 3.209158249109656
14 23 6.418316498219312
14 24 5.204321741739074
14 25 10.408643483478148
14 26 1.3139330004941507
14 27 2.6278660009883015
14 28 -5.760854729061723
14 29 -11.521709458123446
14 30 -4.967648320808528
14 31 -9.935296641617056
14 32 -1.2671066647465508
14 33 -2.5342133294931015
14 34 -0.7294739958840092
14 35 -1.4589479917680184
14 36 2.2732664432760927
14 37 4.5465328865521855
14 38 -1.8079431485618471
14 39 -3.6158862971236942
15 -9.274179054380081
15 16 -0.4628252829368107
15 17 -0.9256505658736214
15 18 1.2197713370801513
15 19 2.4395426741603026
15 20 1.0630286339097004
15 21 2.1260572678194007
15 22 6.418316498219312
15 23 12.836632996438624
15 24 10.408643483478148
15 25 20.817286966956296
15 26 2.6278660009883015
15 27 5.255732001976603
15 28 -11.521709458123446
15 29 -23.043418916246893
15 30 -9.935296641617056
15 31 -19.87059328323411
15 32 -2.5342133294931015
15 33 -5.068426658986203
15 34 -1.4589479917680184
15 35 -2.9178959835360367
15 36 4.5465328865521855
15 37 9.093065773104371
15 38 -3.6158862971236942
15 39 -7.2317725942473885
16 -13.324753095905827
16 17 22.54710412850455
16 18 0.0
16 19 0.0
16 20 0.7098884935438622
16 21 1.4197769870877244
16 22 -0.5794551483053666
16 23 -1.1589102966107332
16 24 -2.878440550297872
16 25 -5.756881100595744
16 26 0.8195144831789722
16 27 1.6390289663579445
16 28 -0.8259385667793494
16 29 -1.6518771335586988
16 30 0.6763150843459864
16 31 1.3526301686919728
16 32 -0.07251506833320759
16 33 -0.14503013666641518
16 34 -0.2677070115189904
16 35 -0.5354140230379808
16 36 2.7828174479685654
16 37 5.565634895937131
16 38 -0.491229811940344
16 39 -0.982459623880688
17 -15.375954127559378
17 18 0.0
17 19 0.0
17 20 1.4197769870877244
17 21 2.8395539741754487
17 22 -1.1589102966107332
17 23 -2.3178205932214664
17 24 -5.756881100595744
17 25 -11.513762201191488
17 26 1.6390289663579445
17 27 3.278057932715889
17 28 -1.6518771335586988
17 29 -3.3037542671173976
17 30 1.3526301686919728
17 31 2.7052603373839457
17 32 -0.14503013666641518
17 33 -0.29006027333283035
17 34 -0.5354140230379808
17 35 -1.0708280460759616
17 36 5.565634895937131
17 37 11.131269791874262
17 38 -0.982459623880688
17 39 -1.964919247761376
18 -42.17706476184502
18 19 22.54710412850455
18 20 0.5794551483053667
18 21 1.1589102966107334
18 22 0.7098884935438622
18 23 1.4197769870877244
18 24 -0.8195144831789722
18 25 -1.6390289663579445
18 26 -2.878440550297872
18 27 -5.756881100595744
18 28 -0.6763150843459866
18 29 -1.3526301686919733
18 30 -0.8259385667793496
18 31 -1.6518771335586993
18 32 0.2677070115189901
18 33 0.5354140230379802
18 34 -0.07251506833320731
18 35 -0.14503013666641462
18 36 0.491229811940344
18 37 0.982459623880688
18 38 2.7828174479685654
18 39 5.565634895937131
19 -73.08057745943775
19 20 1.1589102966107334
19 21 2.317820593221467
19 22 1.4197769870877244
19 23 2.8395539741754487
19 24 -1.6390289663579445
19 25 -3.278057932715889
19 26 -5.756881100595744
19 27 -11.513762201191488
19 28 -1.3526301686919733
19 29 -2.7052603373839466
19 30 -1.6518771335586993
19 31 -3.3037542671173985
19 32 0.5354140230379802
19 33 1.0708280460759605
19 34 -0.14503013666641462
19 35 -0.29006027333282924
19 36 0.982459623880688
19 37 1.964919247761376
19 38 5.565634895937131
19 39 11.131269791874262
20 5.952454199534441
20 21 9.80147532324934
20 22 1.942890293094024e-16
20 23 3.885780586188048e-16
20 24 -0.9303877690238893
20 25 -1.8607755380477786
20 26 -1.3604582076256908
20 27 -2.7209164152513816
20 28 -0.16661102125026428
20 29 -0.33322204250052856
20 30 1.5178151389742383
20 31 3.0356302779484765
20 32 -0.015442378296385062
20 33 -0.030884756592770124
20 34 0.8111589632713609
20 35 1.6223179265427219
20 36 -3.1086487290930913
20 37 -6.217297458186183
20 38 -2.462171886800639
20 39 -4.924343773601278
21 16.805646060693554
21 22 3.885780586188048e-16
21 23 7.771561172376096e-16
21 24 -1.8607755380477786
21 25 -3.7215510760955572
21 26 -2.7209164152513816
21 27 -5.441832830502763
21 28 -0.33322204250052856
21 29 -0.6664440850010571
21 30 3.0356302779484765
21 31 6.071260555896953
21 32 -0.030884756592770124
21 33 -0.06176951318554025
21 34 1.6223179265427219
21 35 3.2446358530854438
21 36 -6.217297458186183
21 37 -12.434594916372365
21 38 -4.924343773601278
21 39 -9.848687547202555
22 -5.72135982600078
22 23 9.801475323249338
22 24 1.3604582076256906
22 25 2.720916415251381
22 26 -0.9303877690238895
22 27 -1.860775538047779
22 28 -1.5178151389742383
22 29 -3.0356302779484765
22 30 -0.16661102125026472
22 31 -0.33322204250052945
22 32 -0.8111589632713608
22 33 -1.6223179265427217
22 34 -0.015442378296385284
22 35 -0.030884756592770568
22 36 2.462171886800639
22 37 4.924343773601278
22 38 -3.1086487290930913
22 39 -6.217297458186183
23 -6.54198199037689
23 24 2.720916415251381
23 25 5.441832830502762
23 26 -1.860775538047779
23 27 -3.721551076095558
23 28 -3.0356302779484765
23 29 -6.071260555896953
23 30 -0.33322204250052945
23 31 -0.6664440850010589
23 32 -1.6223179265427217
23 33 -3.2446358530854433
23 34 -0.030884756592770568
23 35 -0.061769513185541136
23 36 4.924343773601278
23 37 9.848687547202555
23 38 -6.217297458186183
23 39 -12.434594916372365
24 -9.924540780604755
24 25 18.094948891283096
24 26 6.938893903907228e-16
24 27 1.3877787807814457e-15
24 28 -4.399518393960627
24 29 -8.799036787921255
24 30 -1.5261239201494514
24 31 -3.052247840298903
24 32 0.012323874240372623
24 33 0.024647748480745246
24 34 -2.770363855461195
24 35 -5.54072771092239
24 36 -0.2146711065431382
24 37 -0.4293422130862764
24 38 -0.8036067190715149
24 39 -1.6072134381430299
25 -10.801607115567961
25 26 1.3877787807814457e-15
25 27 2.7755575615628914e-15
25 28 -8.799036787921255
25 29 -17.59807357584251
25 30 -3.052247840298903
25 31 -6.104495680597806
25 32 0.024647748480745246
25 33 0.04929549696149049
25 34 -5.54072771092239
25 35 -11.08145542184478
25 36 -0.4293422130862764
25 37 -0.8586844261725528
25 38 -1.6072134381430299
25 39 -3.2144268762860597
26 2.0558724811312103
26 27 18.094948891283096
26 28 1.526123920149451
26 29 3.052247840298902
26 30 -4.399518393960627
26 31 -8.799036787921255
26 32 2.770363855461195
26 33 5.54072771092239
26 34 0.012323874240372623
26 35 0.024647748480745246
26 36 0.8036067190715149
26 37 1.6072134381430299
26 38 -0.21467110654313798
26 39 -0.42934221308627596
27 13.159219407903969
27 28 3.052247840298902
27 29 6.104495680597804
27 30 -8.799036787921255
27 31 -17.59807357584251
27 32 5.54072771092239
27 33 11.08145542184478
27 34 0.024647748480745246
27 35 0.04929549696149049
27 36 1.6072134381430299
27 37 3.2144268762860597
27 38 -0.42934221308627596
27 39 -0.8586844261725519
28 19.379773606460915
28 29 27.60363650644453
28 30 1.7763568394002505e-15
28 31 3.552713678800501e-15
28 32 -0.7852568788894585
28 33 -1.570513757778917
28 34 0.5245436520727675
28 35 1.049087304145535
28 36 -2.491143685544446
28 37 -4.982287371088892
28 38 1.128671210093819
28 39 2.257342420187638
29 52.561365466144096
29 30 3.552713678800501e-15
29 31 7.105427357601002e-15
29 32 -1.570513757778917
29 33 -3.141027515557834
29 34 1.049087304145535
29 35 2.09817460829107
29 36 -4.982287371088892
29 37 -9.964574742177785
29 38 2.257342420187638
29 39 4.514684840375276
30 6.679185557040821
30 31 27.60363650644453
30 32 -0.5245436520727677
30 33 -1.0490873041455353
30 34 -0.7852568788894586
30 35 -1.5705137577789172
30 36 -1.1286712100938194
30 37 -2.257342420187639
30 38 -2.491143685544446
30 39 -4.982287371088892
31 27.160189367303907
31 32 -1.0490873041455353
31 33 -2.0981746082910706
31 34 -1.5705137577789172
31 35 -3.1410275155578344
31 36 -2.257342420187639
31 37 -4.514684840375278
31 38 -4.982287371088892
31 39 -9.964574742177785
32 -15.097993936952285
32 33 10.52425564354063
32 34 2.220446049250313e-16
32 35 4.440892098500626e-16
32 36 0.5576403990693806
32 37 1.1152807981387611
32 38 1.3424478308442387
32 39 2.6848956616884774
33 -24.933860052134257
33 34 4.440892098500626e-16
33 35 8.881784197001252e-16
33 36 1.1152807981387611
33 37 2.2305615962775223
33 38 2.6848956616884774
33 39 5.369791323376955
34 8.58372163937232
34 35 10.52425564354063
34 36 -1.3424478308442382
34 37 -2.6848956616884765
34 38 0.5576403990693806
34 39 1.1152807981387611
35 22.429571100514952
35 36 -2.6848956616884765
35 37 -5.369791323376953
35 38 1.1152807981387611
35 39 2.2305615962775223
36 -10.994069678488767
36 37 16.50224828975157
36 38 4.440892098500626e-16
36 39 8.881784197001252e-16
37 -13.737015212101749
37 38 8.881784197001252e-16
37 39 1.7763568394002505e-15
38 -11.108668798810015
38 39 16.50224828975157
39 -13.966213452744242
