40
1100111011000101001101001111110110110001
0 7.963547151360881
0 1 12.55126962712369
0 2 3.3306690738754696e-16
0 3 6.661338147750939e-16
0 4 -1.2963381033835752
0 5 -2.5926762067671505
0 6 -0.34196664272281263
0 7 -0.6839332854456253
0 8 -0.9508545330263827
0 9 -1.9017090660527654
0 10 1.9348642103942
0 11 3.8697284207884
0 12 0.5764192345523772
0 13 1.1528384691047544
0 14 -2.336370243847327
0 15 -4.672740487694654
0 16 0.9097294049197979
0 17 1.8194588098395958
0 18 -0.559737477697496
0 19 -1.119474955394992
0 20 0.49552061671677705
0 21 0.9910412334335541
0 22 3.2581388331458534
0 23 6.516277666291707
0 24 -1.4882765391172312
0 25 -2.9765530782344625
0 26 1.499774685403537
0 27 2.999549370807074
0 28 0.19833513885762688
0 29 0.39667027771525376
0 30 0.0871226828689316
0 31 0.1742453657378632
0 32 -2.2955212530446008
0 33 -4.5910425060892015
0 34 1.0464529935555689
0 35 2.0929059871111377
0 36 1.907383407324991
0 37 3.814766814649982
0 38 -0.46324058907311944
0 39 -0.9264811781462389
1 22.202729116283606
1 2 6.661338147750939e-16
1 3 1.3322676295501878e-15
1 4 -2.5926762067671505
1 5 -5.185352413534301
1 6 -0.6839332854456253
1 7 -1.3678665708912505
1 8 -1.9017090660527654
1 9 -3.8034181321055307
1 10 3.8697284207884
1 11 7.7394568415768
1 12 1.1528384691047544
1 13 2.305676938209509
1 14 -4.672740487694654
1 15 -9.345480975389307
1 16 1.8194588098395958
1 17 3.6389176196791917
1 18 -1.119474955394992
1 19 -2.238949910789984
1 20 0.9910412334335541
1 21 1.9820824668671082
1 22 6.516277666291707
1 23 13.032555332583414
1 24 -2.9765530782344625
1 25 -5.953106156468925
1 26 2.999549370807074
1 27 5.999098741614148
1 28 0.39667027771525376
1 29 0.7933405554305075
1 30 0.1742453657378632
1 31 0.3484907314757264
1 32 -4.5910425060892015
1 33 -9.182085012178403
1 34 2.0929059871111377
1 35 4.1858119742222755
1 36 3.814766814649982
1 37 7.629533629299964
1 38 -0.9264811781462389
1 39 -1.8529623562924777
2 -9.971162132454076
2 3 12.55126962712369
2 4 0.34196664272281246
2 5 0.6839332854456249
2 6 -1.296338103383575
2 7 -2.59267620676715
2 8 -1.9348642103941995
2 9 -3.869728420788399
2 10 -0.9508545330263827
2 11 -1.9017090660527654
2 12 2.336370243847327
2 13 4.672740487694654
2 14 0.5764192345523772
2 15 1.1528384691047544
2 16 0.559737477697496
2 17 1.119474955394992
2 18 0.9097294049197978
2 19 1.8194588098395956
2 20 -3.2581388331458534
2 21 -6.516277666291707
2 22 0.49552061671677705
2 23 0.9910412334335541
2 24 -1.4997746854035374
2 25 -2.999549370807075
2 26 -1.4882765391172315
2 27 -2.976553078234463
2 28 -0.08712268286893166
2 29 -0.1742453657378633
2 30 0.19833513885762732
2 31 0.39667027771525465
2 32 -1.046452993555569
2 33 -2.092905987111138
2 34 -2.2955212530446003
2 35 -4.591042506089201
2 36 0.4632405890731197
2 37 0.9264811781462394
2 38 1.9073834073249907
2 39 3.8147668146499814
3 -13.66668945134631
3 4 0.6839332854456249
3 5 1.3678665708912499
3 6 -2.59267620676715
3 7 -5.1853524135343
3 8 -3.869728420788399
3 9 -7.739456841576798
3 10 -1.9017090660527654
3 11 -3.8034181321055307
3 12 4.672740487694654
3 13 9.345480975389307
3 14 1.1528384691047544
3 15 2.305676938209509
3 16 1.119474955394992
3 17 2.238949910789984
3 18 1.8194588098395956
3 19 3.6389176196791913
3 20 -6.516277666291707
3 21 -13.032555332583414
3 22 0.9910412334335541
3 23 1.9820824668671082
3 24 -2.999549370807075
3 25 -5.99909874161415
3 26 -2.976553078234463
3 27 -5.953106156468926
3 28 -0.1742453657378633
3 29 -0.3484907314757266
3 30 0.39667027771525465
3 31 0.7933405554305093
3 32 -2.092905987111138
3 33 -4.185811974222276
3 34 -4.591042506089201
3 35 -9.182085012178401
3 36 0.9264811781462394
3 37 1.8529623562924789
3 38 3.8147668146499814
3 39 7.629533629299963
4 -18.037140309406297
4 5 17.494096315381327
4 6 4.440892098500626e-16
4 7 8.881784197001252e-16
4 8 3.958663234422416
4 9 7.917326468844832
4 10 0.8100262597918636
4 11 1.6200525195837272
4 12 -1.9982495852955275
4 13 -3.996499170591055
4 14 2.0101589194508453
4 15 4.020317838901691
4 16 0.5918505266416311
4 17 1.1837010532832621
4 18 -0.251213442635992
4 19 -0.502426885271984
4 20 0.5723447302904632
4 21 1.1446894605809264
4 22 -0.8439575788239941
4 23 -1.6879151576479883
4 24 -0.6297317652490055
4 25 -1.259463530498011
4 26 -0.33078844350050984
4 27 -0.6615768870010197
4 28 1.0118014569406157
4 29 2.0236029138812315
4 30 -2.0438496025566386
4 31 -4.087699205113277
4 32 0.9895765960135761
4 33 1.9791531920271521
4 34 1.3524619507865983
4 35 2.7049239015731965
4 36 -0.9957528819045939
4 37 -1.9915057638091878
4 38 -1.4325708248472195
4 39 -2.865141649694439
5 -27.327232461121937
5 6 8.881784197001252e-16
5 7 1.7763568394002505e-15
5 8 7.917326468844832
5 9 15.834652937689665
5 10 1.6200525195837272
5 11 3.2401050391674544
5 12 -3.996499170591055
5 13 -7.99299834118211
5 14 4.020317838901691
5 15 8.040635677803381
5 16 1.1837010532832621
5 17 2.3674021065665243
5 18 -0.502426885271984
5 19 -1.004853770543968
5 20 1.1446894605809264
5 21 2.2893789211618527
5 22 -1.6879151576479883
5 23 -3.3758303152959765
5 24 -1.259463530498011
5 25 -2.518927060996022
5 26 -0.6615768870010197
5 27 -1.3231537740020394
5 28 2.0236029138812315
5 29 4.047205827762463
5 30 -4.087699205113277
5 31 -8.175398410226554
5 32 1.9791531920271521
5 33 3.9583063840543042
5 34 2.7049239015731965
5 35 5.409847803146393
5 36 -1.9915057638091878
5 37 -3.9830115276183755
5 38 -2.865141649694439
5 39 -5.730283299388878
6 -3.2622938947445244
6 7 17.494096315381327
6 8 -0.8100262597918633
6 9 -1.6200525195837265
6 10 3.958663234422416
6 11 7.917326468844832
6 12 -2.010158919450846
6 13 -4.020317838901692
6 14 -1.9982495852955275
6 15 -3.996499170591055
6 16 0.25121344263599177
6 17 0.5024268852719835
6 18 0.5918505266416312
6 19 1.1837010532832624
6 20 0.8439575788239941
6 21 1.6879151576479883
6 22 0.5723447302904632
6 23 1.1446894605809264
6 24 0.3307884435005096
6 25 0.6615768870010192
6 26 -0.6297317652490058
6 27 -1.2594635304980115
6 28 2.043849602556639
6 29 4.087699205113278
6 30 1.0118014569406157
6 31 2.0236029138812315
6 32 -1.3524619507865983
6 33 -2.7049239015731965
6 34 0.989576596013576
6 35 1.979153192027152
6 36 1.4325708248472198
6 37 2.8651416496944395
6 38 -0.9957528819045939
6 39 -1.9915057638091878
7 2.2224603682016113
7 8 -1.6200525195837265
7 9 -3.240105039167453
7 10 7.917326468844832
7 11 15.834652937689665
7 12 -4.020317838901692
7 13 -8.040635677803383
7 14 -3.996499170591055
7 15 -7.99299834118211
7 16 0.5024268852719835
7 17 1.004853770543967
7 18 1.1837010532832624
7 19 2.3674021065665247
7 20 1.6879151576479883
7 21 3.3758303152959765
7 22 1.1446894605809264
7 23 2.2893789211618527
7 24 0.6615768870010192
7 25 1.3231537740020385
7 26 -1.2594635304980115
7 27 -2.518927060996023
7 28 4.087699205113278
7 29 8.175398410226556
7 30 2.0236029138812315
7 31 4.047205827762463
7 32 -2.7049239015731965
7 33 -5.409847803146393
7 34 1.979153192027152
7 35 3.958306384054304
7 36 2.8651416496944395
7 37 5.730283299388879
7 38 -1.9915057638091878
7 39 -3.9830115276183755
8 -3.981452815618032
8 9 15.156797265356527
8 10 3.3306690738754696e-16
8 11 6.661338147750939e-16
8 12 -1.3166483009028904
8 13 -2.633296601805781
8 14 1.1923168373454662
8 15 2.3846336746909325
8 16 -1.4939035109829322
8 17 -2.9878070219658643
8 18 0.11011999654824844
8 19 0.2202399930964969
8 20 2.211044049468134
8 21 4.422088098936268
8 22 -0.03148211834015635
8 23 -0.0629642366803127
8 24 2.391158188695736
8 25 4.782316377391472
8 26 -1.3054492885729223
8 27 -2.6108985771458446
8 28 1.0969217043603434
8 29 2.193843408720687
8 30 -1.9559165569498786
8 31 -3.9118331138997573
8 32 2.8386879962599485
8 33 5.677375992519897
8 34 1.206710480544095
8 35 2.41342096108819
8 36 -2.181340801784754
8 37 -4.362681603569508
8 38 -1.95504854144879
8 39 -3.91009708289758
9 -0.3845069985578018
9 10 6.661338147750939e-16
9 11 1.3322676295501878e-15
9 12 -2.633296601805781
9 13 -5.266593203611562
9 14 2.3846336746909325
9 15 4.769267349381865
9 16 -2.9878070219658643
9 17 -5.975614043931729
9 18 0.2202399930964969
9 19 0.4404799861929938
9 20 4.422088098936268
9 21 8.844176197872535
9 22 -0.0629642366803127
9 23 -0.1259284733606254
9 24 4.782316377391472
9 25 9.564632754782943
9 26 -2.6108985771458446
9 27 -5.221797154291689
9 28 2.193843408720687
9 29 4.387686817441374
9 30 -3.9118331138997573
9 31 -7.823666227799515
9 32 5.677375992519897
9 33 11.354751985039794
9 34 2.41342096108819
9 35 4.82684192217638
9 36 -4.362681603569508
9 37 -8.725363207139017
9 38 -3.91009708289758
9 39 -7.82019416579516
10 -6.1804036956466515
10 11 15.156797265356527
10 12 -1.1923168373454662
10 13 -2.3846336746909325
10 14 -1.3166483009028902
10 15 -2.6332966018057804
10 16 -0.11011999654824844
10 17 -0.2202399930964969
10 18 -1.493903510982932
10 19 -2.987807021965864
10 20 0.03148211834015635
10 21 0.0629642366803127
10 22 2.211044049468134
10 23 4.422088098936268
10 24 1.3054492885729228
10 25 2.6108985771458455
10 26 2.3911581886957363
10 27 4.7823163773914725
10 28 1.9559165569498789
10 29 3.9118331138997577
10 30 1.0969217043603434
10 31 2.193843408720687
10 32 -1.2067104805440945
10 33 -2.413420961088189
10 34 2.8386879962599485
10 35 5.677375992519897
10 36 1.95504854144879
10 37 3.91009708289758
10 38 -2.181340801784754
10 39 -4.362681603569508
11 -4.7824087586150394
11 12 -2.3846336746909325
11 13 -4.769267349381865
11 14 -2.6332966018057804
11 15 -5.266593203611561
11 16 -0.2202399930964969
11 17 -0.4404799861929938
11 18 -2.987807021965864
11 19 -5.975614043931728
11 20 0.0629642366803127
11 21 0.1259284733606254
11 22 4.422088098936268
11 23 8.844176197872535
11 24 2.6108985771458455
11 25 5.221797154291691
11 26 4.7823163773914725
11 27 9.564632754782945
11 28 3.9118331138997577
11 29 7.8236662277995155
11 30 2.193843408720687
11 31 4.387686817441374
11 32 -2.413420961088189
11 33 -4.826841922176378
11 34 5.677375992519897
11 35 11.354751985039794
11 36 3.91009708289758
11 37 7.82019416579516
11 38 -4.362681603569508
11 39 -8.725363207139017
12 5.532410597552172
12 13 18.284775569062695
12 14 3.3306690738754696e-16
12 15 6.661338147750939e-16
12 16 -0.7005653750010091
12 17 -1.4011307500020183
12 18 0.06574432633347932
12 19 0.13148865266695864
12 20 -1.9011330992544793
12 21 -3.8022661985089585
12 22 -2.5536388758785398
12 23 -5.1072777517570795
12 24 0.7632324931054992
12 25 1.5264649862109985
12 26 -0.21871426751894976
12 27 -0.4374285350378995
12 28 0.3200366416246031
12 29 0.6400732832492062
12 30 -0.8275137800473398
12 31 -1.6550275600946796
12 32 0.1904116961385729
12 33 0.3808233922771458
12 34 -3.049869844539681
12 35 -6.099739689079362
12 36 -0.6215330060632439
12 37 -1.2430660121264878
12 38 0.905447787676874
12 39 1.810895575353748
13 20.207208979635695
13 14 6.661338147750939e-16
13 15 1.3322676295501878e-15
13 16 -1.4011307500020183
13 17 -2.8022615000040365
13 18 0.13148865266695864
13 19 0.2629773053339173
13 20 -3.8022661985089585
13 21 -7.604532397017917
13 22 -5.1072777517570795
13 23 -10.214555503514159
13 24 1.5264649862109985
13 25 3.052929972421997
13 26 -0.4374285350378995
13 27 -0.874857070075799
13 28 0.6400732832492062
13 29 1.2801465664984124
13 30 -1.6550275600946796
13 31 -3.310055120189359
13 32 0.3808233922771458
13 33 0.7616467845542916
13 34 -6.099739689079362
13 35 -12.199479378158724
13 36 -1.2430660121264878
13 37 -2.4861320242529756
13 38 1.810895575353748
13 39 3.621791150707496
14 -16.675934733215882
14 15 18.284775569062695
14 16 -0.06574432633347958
14 17 -0.13148865266695917
14 18 -0.7005653750010091
14 19 -1.4011307500020183
14 20 2.5536388758785393
14 21 5.107277751757079
14 22 -1.901133099254479
14 23 -3.802266198508958
14 24 0.21871426751894976
14 25 0.4374285350378995
14 26 0.7632324931054999
14 27 1.5264649862109998
14 28 0.8275137800473397
14 29 1.6550275600946793
14 30 0.3200366416246032
14 31 0.6400732832492064
14 32 3.0498698445396806
14 33 6.099739689079361
14 34 0.190411696138573
14 35 0.380823392277146
14 36 -0.9054477876768737
14 37 -1.8108955753537475
14 38 -0.6215330060632437
14 39 -1.2430660121264874
15 -24.209481681900414
15 16 -0.13148865266695917
15 17 -0.26297730533391833
15 18 -1.4011307500020183
15 19 -2.8022615000040365
15 20 5.107277751757079
15 21 10.214555503514157
15 22 -3.802266198508958
15 23 -7.604532397017916
15 24 0.4374285350378995
15 25 0.874857070075799
15 26 1.5264649862109998
15 27 3.0529299724219996
15 28 1.6550275600946793
15 29 3.3100551201893587
15 30 0.6400732832492064
15 31 1.2801465664984129
15 32 6.099739689079361
15 33 12.199479378158722
15 34 0.380823392277146
15 35 0.761646784554292
15 36 -1.8108955753537475
15 37 -3.621791150707495
15 38 -1.2430660121264874
15 39 -2.4861320242529747
16 -10.372725779185881
16 17 6.994340552572339
16 18 3.3306690738754696e-16
16 19 6.661338147750939e-16
16 20 -0.4829829260735543
16 21 -0.9659658521471086
16 22 0.6758807949799882
16 23 1.3517615899599764
16 24 -1.2985426956899255
16 25 -2.597085391379851
16 26 -0.05436633889648357
16 27 -0.10873267779296714
16 28 -0.19716313724780993
16 29 -0.39432627449561986
16 30 -1.9730662867044724
16 31 -3.9461325734089447
16 32 0.07921940152912052
16 33 0.15843880305824104
16 34 -0.35132891252572396
16 35 -0.7026578250514479
16 36 2.039279416943161
16 37 4.078558833886322
16 38 1.5075561015366024
16 39 3.0151122030732047
17 -17.248281282085593
17 18 6.661338147750939e-16
17 19 1.3322676295501878e-15
17 20 -0.9659658521471086
17 21 -1.9319317042942172
17 22 1.3517615899599764
17 23 2.703523179919953
17 24 -2.597085391379851
17 25 -5.194170782759702
17 26 -0.10873267779296714
17 27 -0.21746535558593427
17 28 -0.39432627449561986
17 29 -0.7886525489912397
17 30 -3.9461325734089447
17 31 -7.8922651468178895
17 32 0.15843880305824104
17 33 0.3168776061164821
17 34 -0.7026578250514479
17 35 -1.4053156501028958
17 36 4.078558833886322
17 37 8.157117667772644
17 38 3.0151122030732047
17 39 6.030224406146409
18 -11.418774751141747
18 19 6.994340552572338
18 20 -0.6758807949799883
18 21 -1.3517615899599766
18 22 -0.4829829260735542
18 23 -0.9659658521471084
18 24 0.05436633889648346
18 25 0.10873267779296691
18 26 -1.2985426956899255
18 27 -2.597085391379851
18 28 1.9730662867044724
18 29 3.9461325734089447
18 30 -0.19716313724780976
18 31 -0.3943262744956195
18 32 0.35132891252572396
18 33 0.7026578250514479
18 34 0.07921940152912066
18 35 0.15843880305824132
18 36 -1.5075561015366021
18 37 -3.0151122030732043
18 38 2.039279416943161
18 39 4.078558833886322
19 -19.340379225997324
19 20 -1.3517615899599766
19 21 -2.7035231799199533
19 22 -0.9659658521471084
19 23 -1.9319317042942168
19 24 0.10873267779296691
19 25 0.21746535558593383
19 26 -2.597085391379851
19 27 -5.194170782759702
19 28 3.9461325734089447
19 29 7.8922651468178895
19 30 -0.3943262744956195
19 31 -0.788652548991239
19 32 0.7026578250514479
19 33 1.4053156501028958
19 34 0.15843880305824132
19 35 0.31687760611648264
19 36 -3.0151122030732043
19 37 -6.0302244061464085
19 38 4.078558833886322
19 39 8.157117667772644
20 4.265407016662275
20 21 13.119481605200026
20 22 2.220446049250313e-16
20 23 4.440892098500626e-16
20 24 -0.27331547294894254
20 25 -0.5466309458978851
20 26 0.678702827976736
20 27 1.357405655953472
20 28 0.6264115313770243
20 29 1.2528230627540486
20 30 1.246093918910611
20 31 2.492187837821222
20 32 2.2911948082703018
20 33 4.5823896165406035
20 34 2.3012927484836823
20 35 4.6025854969673645
20 36 -1.4103076791966997
20 37 -2.8206153583933995
20 38 -1.971026679252451
20 39 -3.942053358504902
21 15.090554835924562
21 22 4.440892098500626e-16
21 23 8.881784197001252e-16
21 24 -0.5466309458978851
21 25 -1.0932618917957702
21 26 1.357405655953472
21 27 2.714811311906944
21 28 1.2528230627540486
21 29 2.5056461255080973
21 30 2.492187837821222
21 31 4.984375675642444
21 32 4.5823896165406035
21 33 9.164779233081207
21 34 4.6025854969673645
21 35 9.205170993934729
21 36 -2.8206153583933995
21 37 -5.641230716786799
21 38 -3.942053358504902
21 39 -7.884106717009804
22 4.891967574904591
22 23 13.119481605200026
22 24 -0.6787028279767361
22 25 -1.3574056559534722
22 26 -0.2733154729489427
22 27 -0.5466309458978854
22 28 -1.2460939189106106
22 29 -2.492187837821221
22 30 0.6264115313770242
22 31 1.2528230627540484
22 32 -2.301292748483682
22 33 -4.602585496967364
22 34 2.2911948082703013
22 35 4.582389616540603
22 36 1.9710266792524511
22 37 3.9420533585049022
22 38 -1.4103076791966995
22 39 -2.820615358393399
23 16.343675952409193
23 24 -1.3574056559534722
23 25 -2.7148113119069444
23 26 -0.5466309458978854
23 27 -1.0932618917957708
23 28 -2.492187837821221
23 29 -4.984375675642442
23 30 1.2528230627540484
23 31 2.505646125508097
23 32 -4.602585496967364
23 33 -9.205170993934727
23 34 4.582389616540603
23 35 9.164779233081205
23 36 3.9420533585049022
23 37 7.8841067170098045
23 38 -2.820615358393399
23 39 -5.641230716786798
24 0.9516546227119296
24 25 15.753516671479126
24 26 4.440892098500626e-16
24 27 8.881784197001252e-16
24 28 2.3572560030563365
24 29 4.714512006112673
24 30 -1.6242640774005703
24 31 -3.2485281548011407
24 32 -0.058249440621400125
24 33 -0.11649888124280025
24 34 1.0886642983850767
24 35 2.1773285967701534
24 36 -2.8065508131423766
24 37 -5.613101626284753
24 38 -2.020778798132479
24 39 -4.041557596264958
25 9.780067581163422
25 26 8.881784197001252e-16
25 27 1.7763568394002505e-15
25 28 4.714512006112673
25 29 9.429024012225346
25 30 -3.2485281548011407
25 31 -6.497056309602281
25 32 -0.11649888124280025
25 33 -0.2329977624856005
25 34 2.1773285967701534
25 35 4.354657193540307
25 36 -5.613101626284753
25 37 -11.226203252569507
25 38 -4.041557596264958
25 39 -8.083115192529917
26 4.397494336191659
26 27 15.753516671479126
26 28 1.6242640774005705
26 29 3.248528154801141
26 30 2.3572560030563365
26 31 4.714512006112673
26 32 -1.0886642983850767
26 33 -2.1773285967701534
26 34 -0.058249440621400084
26 35 -0.11649888124280017
26 36 2.0207787981324787
26 37 4.0415575962649575
26 38 -2.8065508131423766
26 39 -5.613101626284753
27 16.671747008122885
27 28 3.248528154801141
27 29 6.497056309602282
27 30 4.714512006112673
27 31 9.429024012225346
27 32 -2.1773285967701534
27 33 -4.354657193540307
27 34 -0.11649888124280017
27 35 -0.23299776248560033
27 36 4.0415575962649575
27 37 8.083115192529915
27 38 -5.613101626284753
27 39 -11.226203252569507
28 -13.758260333031835
28 29 11.576265776873399
28 30 4.440892098500626e-16
28 31 8.881784197001252e-16
28 32 -0.7473013391464477
28 33 -1.4946026782928954
28 34 1.7241855853764125
28 35 3.448371170752825
28 36 -2.0265725512292256
28 37 -4.053145102458451
28 38 -1.3005156324515001
28 39 -2.6010312649030003
29 -21.72838777762697
29 30 8.881784197001252e-16
29 31 1.7763568394002505e-15
29 32 -1.4946026782928954
29 33 -2.989205356585791
29 34 3.448371170752825
29 35 6.89674234150565
29 36 -4.053145102458451
29 37 -8.106290204916903
29 38 -2.6010312649030003
29 39 -5.202062529806001
30 13.563402214255088
30 31 11.576265776873399
30 32 -1.7241855853764123
30 33 -3.4483711707528246
30 34 -0.7473013391464477
30 35 -1.4946026782928954
30 36 1.3005156324515
30 37 2.601031264903
30 38 -2.0265725512292256
30 39 -4.053145102458451
31 32.914937316946876
31 32 -3.4483711707528246
31 33 -6.896742341505649
31 34 -1.4946026782928954
31 35 -2.989205356585791
31 36 2.601031264903
31 37 5.202062529806
31 38 -4.053145102458451
31 39 -8.106290204916903
32 -15.934565847633861
32 33 11.89849263164158
32 34 1.942890293094024e-16
32 35 3.885780586188048e-16
32 36 -1.3296913853466774
32 37 -2.659382770693355
32 38 3.273061266780148
32 39 6.546122533560296
33 -25.91988537944693
33 34 3.885780586188048e-16
33 35 7.771561172376096e-16
33 36 -2.659382770693355
33 37 -5.31876554138671
33 38 6.546122533560296
33 39 13.092245067120592
34 0.09136289307817647
34 35 11.89849263164158
34 36 -3.273061266780148
34 37 -6.546122533560296
34 38 -1.3296913853466772
34 39 -2.6593827706933544
35 6.131972101977144
35 36 -6.546122533560296
35 37 -13.092245067120592
35 38 -2.6593827706933544
35 39 -5.318765541386709
36 1.0398292329332022
36 37 15.569560080755215
36 38 2.220446049250313e-16
36 39 4.440892098500626e-16
37 9.86443850624401
37 38 4.440892098500626e-16
37 39 8.881784197001252e-16
38 -16.00004168141815
38 39 15.569560080755215
39 -24.215303322458695
