40
1110000001111111111101100110111001010000
0 -22.776119821706285
0 1 11.503048461879109
0 2 3.3306690738754696e-16
0 3 6.661338147750939e-16
0 4 -0.6087292809271945
0 5 -1.217458561854389
0 6 2.068107141512589
0 7 4.136214283025178
0 8 -0.7234869015448173
0 9 -1.4469738030896346
0 10 1.5176753173951685
0 11 3.035350634790337
0 12 1.196037030499824
0 13 2.392074060999648
0 14 -2.352882863606491
0 15 -4.705765727212982
0 16 -0.9035633070301715
0 17 -1.807126614060343
0 18 -1.212208101480774
0 19 -2.424416202961548
0 20 -0.5637990477677023
0 21 -1.1275980955354046
0 22 3.8737051354200847
0 23 7.747410270840169
0 24 1.9455676721013944
0 25 3.8911353442027887
0 26 -2.3991550734781883
0 27 -4.798310146956377
0 28 0.2848491128484759
0 29 0.5696982256969518
0 30 -0.8349877372623361
0 31 -1.6699754745246722
0 32 -0.21496124302936126
0 33 -0.4299224860587225
0 34 1.629496001088104
0 35 3.258992002176208
0 36 0.2440085862473265
0 37 0.488017172494653
0 38 -2.18565574853849
0 39 -4.37131149707698
1 -39.80071541247301
1 2 6.661338147750939e-16
1 3 1.3322676295501878e-15
1 4 -1.217458561854389
1 5 -2.434917123708778
1 6 4.136214283025178
1 7 8.272428566050356
1 8 -1.4469738030896346
1 9 -2.8939476061792693
1 10 3.035350634790337
1 11 6.070701269580674
1 12 2.392074060999648
1 13 4.784148121999296
1 14 -4.705765727212982
1 15 -9.411531454425964
1 16 -1.807126614060343
1 17 -3.614253228120686
1 18 -2.424416202961548
1 19 -4.848832405923096
1 20 -1.1275980955354046
1 21 -2.255196191070809
1 22 7.747410270840169
1 23 15.494820541680339
1 24 3.8911353442027887
1 25 7.7822706884055775
1 26 -4.798310146956377
1 27 -9.596620293912753
1 28 0.5696982256969518
1 29 1.1393964513939037
1 30 -1.6699754745246722
1 31 -3.3399509490493444
1 32 -0.4299224860587225
1 33 -0.859844972117445
1 34 3.258992002176208
1 35 6.517984004352416
1 36 0.488017172494653
1 37 0.976034344989306
1 38 -4.37131149707698
1 39 -8.74262299415396
2 -3.7191175938853656
2 3 11.503048461879107
2 4 -2.0681071415125887
2 5 -4.136214283025177
2 6 -0.6087292809271946
2 7 -1.2174585618543892
2 8 -1.5176753173951685
2 9 -3.035350634790337
2 10 -0.7234869015448174
2 11 -1.4469738030896349
2 12 2.352882863606491
2 13 4.705765727212982
2 14 1.196037030499824
2 15 2.392074060999648
2 16 1.2122081014807737
2 17 2.4244162029615475
2 18 -0.9035633070301714
2 19 -1.8071266140603428
2 20 -3.8737051354200847
2 21 -7.747410270840169
2 22 -0.5637990477677024
2 23 -1.1275980955354048
2 24 2.399155073478189
2 25 4.798310146956378
2 26 1.9455676721013944
2 27 3.8911353442027887
2 28 0.8349877372623359
2 29 1.6699754745246718
2 30 0.2848491128484761
2 31 0.5696982256969522
2 32 -1.629496001088104
2 33 -3.258992002176208
2 34 -0.21496124302936115
2 35 -0.4299224860587223
2 36 2.18565574853849
2 37 4.37131149707698
2 38 0.24400858624732644
2 39 0.4880171724946529
3 -1.6867109568311776
3 4 -4.136214283025177
3 5 -8.272428566050355
3 6 -1.2174585618543892
3 7 -2.4349171237087783
3 8 -3.035350634790337
3 9 -6.070701269580674
3 10 -1.4469738030896349
3 11 -2.8939476061792697
3 12 4.705765727212982
3 13 9.411531454425964
3 14 2.392074060999648
3 15 4.784148121999296
3 16 2.4244162029615475
3 17 4.848832405923095
3 18 -1.8071266140603428
3 19 -3.6142532281206856
3 20 -7.747410270840169
3 21 -15.494820541680339
3 22 -1.1275980955354048
3 23 -2.2551961910708096
3 24 4.798310146956378
3 25 9.596620293912755
3 26 3.8911353442027887
3 27 7.7822706884055775
3 28 1.6699754745246718
3 29 3.3399509490493435
3 30 0.5696982256969522
3 31 1.1393964513939043
3 32 -3.258992002176208
3 33 -6.517984004352416
3 34 -0.4299224860587223
3 35 -0.8598449721174446
3 36 4.37131149707698
3 37 8.74262299415396
3 38 0.4880171724946529
3 39 0.9760343449893057
4 18.33576488926731
4 5 17.288511330173165
4 6 3.885780586188048e-16
4 7 7.771561172376096e-16
4 8 0.8423852979199118
4 9 1.6847705958398236
4 10 -0.7085842338626303
4 11 -1.4171684677252605
4 12 -1.162513296798944
4 13 -2.325026593597888
4 14 -0.4982520494730388
4 15 -0.9965040989460776
4 16 -1.6848391785251968
4 17 -3.3696783570503936
4 18 -0.8091886319933058
4 19 -1.6183772639866116
4 20 3.360374530704053
4 21 6.720749061408106
4 22 1.2825355209004343
4 23 2.5650710418008686
4 24 -0.48941099591756443
4 25 -0.9788219918351289
4 26 -1.241198589690475
4 27 -2.48239717938095
4 28 0.14953925732891216
4 29 0.2990785146578243
4 30 -1.289547185134241
4 31 -2.579094370268482
4 32 -2.4737275229696074
4 33 -4.947455045939215
4 34 0.23578520557802407
4 35 0.47157041115604814
4 36 1.2985251384421814
4 37 2.597050276884363
4 38 -3.1624562627340076
4 39 -6.324912525468015
5 45.31578544362121
5 6 7.771561172376096e-16
5 7 1.5543122344752192e-15
5 8 1.6847705958398236
5 9 3.369541191679647
5 10 -1.4171684677252605
5 11 -2.834336935450521
5 12 -2.325026593597888
5 13 -4.650053187195776
5 14 -0.9965040989460776
5 15 -1.9930081978921552
5 16 -3.3696783570503936
5 17 -6.739356714100787
5 18 -1.6183772639866116
5 19 -3.2367545279732233
5 20 6.720749061408106
5 21 13.441498122816212
5 22 2.5650710418008686
5 23 5.130142083601737
5 24 -0.9788219918351289
5 25 -1.9576439836702577
5 26 -2.48239717938095
5 27 -4.9647943587619
5 28 0.2990785146578243
5 29 0.5981570293156486
5 30 -2.579094370268482
5 31 -5.158188740536964
5 32 -4.947455045939215
5 33 -9.89491009187843
5 34 0.47157041115604814
5 35 0.9431408223120963
5 36 2.597050276884363
5 37 5.194100553768726
5 38 -6.324912525468015
5 39 -12.64982505093603
6 -38.30264008581847
6 7 17.28851133017317
6 8 0.7085842338626307
6 9 1.4171684677252614
6 10 0.8423852979199115
6 11 1.684770595839823
6 12 0.4982520494730388
6 13 0.9965040989460776
6 14 -1.1625132967989438
6 15 -2.3250265935978875
6 16 0.8091886319933054
6 17 1.6183772639866107
6 18 -1.684839178525197
6 19 -3.369678357050394
6 20 -1.2825355209004337
6 21 -2.5650710418008673
6 22 3.360374530704053
6 23 6.720749061408106
6 24 1.241198589690475
6 25 2.48239717938095
6 26 -0.4894109959175648
6 27 -0.9788219918351296
6 28 1.2895471851342408
6 29 2.5790943702684817
6 30 0.14953925732891224
6 31 0.2990785146578245
6 32 -0.2357852055780243
6 33 -0.4715704111560486
6 34 -2.473727522969608
6 35 -4.947455045939216
6 36 3.162456262734008
6 37 6.324912525468016
6 38 1.2985251384421816
6 39 2.5970502768843633
7 -67.96102450655036
7 8 1.4171684677252614
7 9 2.834336935450523
7 10 1.684770595839823
7 11 3.369541191679646
7 12 0.9965040989460776
7 13 1.9930081978921552
7 14 -2.3250265935978875
7 15 -4.650053187195775
7 16 1.6183772639866107
7 17 3.2367545279732215
7 18 -3.369678357050394
7 19 -6.739356714100788
7 20 -2.5650710418008673
7 21 -5.130142083601735
7 22 6.720749061408106
7 23 13.441498122816212
7 24 2.48239717938095
7 25 4.9647943587619
7 26 -0.9788219918351296
7 27 -1.9576439836702593
7 28 2.5790943702684817
7 29 5.158188740536963
7 30 0.2990785146578245
7 31 0.598157029315649
7 32 -0.4715704111560486
7 33 -0.9431408223120972
7 34 -4.947455045939216
7 35 -9.894910091878431
7 36 6.324912525468016
7 37 12.649825050936032
7 38 2.5970502768843633
7 39 5.194100553768727
8 -14.787828325194333
8 9 11.52536933298059
8 10 3.0531133177191805e-16
8 11 6.106226635438361e-16
8 12 -0.9111187013397903
8 13 -1.8222374026795807
8 14 0.34754461118540025
8 15 0.6950892223708005
8 16 -1.772723416769657
8 17 -3.545446833539314
8 18 -0.9518998774961253
8 19 -1.9037997549922505
8 20 2.461771360578962
8 21 4.923542721157924
8 22 -1.0153614418052301
8 23 -2.0307228836104603
8 24 -0.06485050400452175
8 25 -0.1297010080090435
8 26 -0.4047415550253983
8 27 -0.8094831100507967
8 28 2.518623790911184
8 29 5.037247581822368
8 30 -1.1337704759186766
8 31 -2.2675409518373533
8 32 1.109686634261081
8 33 2.219373268522162
8 34 -1.1016601749326005
8 35 -2.203320349865201
8 36 1.0643026319722781
8 37 2.1286052639445563
8 38 1.3395374146334873
8 39 2.6790748292669746
9 -23.81297198389837
9 10 6.106226635438361e-16
9 11 1.2212453270876722e-15
9 12 -1.8222374026795807
9 13 -3.6444748053591614
9 14 0.6950892223708005
9 15 1.390178444741601
9 16 -3.545446833539314
9 17 -7.090893667078628
9 18 -1.9037997549922505
9 19 -3.807599509984501
9 20 4.923542721157924
9 21 9.847085442315848
9 22 -2.0307228836104603
9 23 -4.0614457672209205
9 24 -0.1297010080090435
9 25 -0.259402016018087
9 26 -0.8094831100507967
9 27 -1.6189662201015933
9 28 5.037247581822368
9 29 10.074495163644736
9 30 -2.2675409518373533
9 31 -4.5350819036747065
9 32 2.219373268522162
9 33 4.438746537044324
9 34 -2.203320349865201
9 35 -4.406640699730402
9 36 2.1286052639445563
9 37 4.257210527889113
9 38 2.6790748292669746
9 39 5.358149658533949
10 -34.8487601350214
10 11 11.525369332980592
10 12 -0.34754461118540025
10 13 -0.6950892223708005
10 14 -0.9111187013397903
10 15 -1.8222374026795807
10 16 0.951899877496125
10 17 1.90379975499225
10 18 -1.772723416769657
10 19 -3.545446833539314
10 20 1.0153614418052306
10 21 2.030722883610461
10 22 2.461771360578962
10 23 4.923542721157924
10 24 0.4047415550253981
10 25 0.8094831100507962
10 26 -0.06485050400452175
10 27 -0.1297010080090435
10 28 1.1337704759186773
10 29 2.2675409518373546
10 30 2.518623790911184
10 31 5.037247581822368
10 32 1.1016601749326007
10 33 2.2033203498652014
10 34 1.1096866342610812
10 35 2.2193732685221623
10 36 -1.3395374146334873
10 37 -2.6790748292669746
10 38 1.0643026319722777
10 39 2.1286052639445554
11 -63.934835603552514
11 12 -0.6950892223708005
11 13 -1.390178444741601
11 14 -1.8222374026795807
11 15 -3.6444748053591614
11 16 1.90379975499225
11 17 3.8075995099845
11 18 -3.545446833539314
11 19 -7.090893667078628
11 20 2.030722883610461
11 21 4.061445767220922
11 22 4.923542721157924
11 23 9.847085442315848
11 24 0.8094831100507962
11 25 1.6189662201015924
11 26 -0.1297010080090435
11 27 -0.259402016018087
11 28 2.2675409518373546
11 29 4.535081903674709
11 30 5.037247581822368
11 31 10.074495163644736
11 32 2.2033203498652014
11 33 4.406640699730403
11 34 2.2193732685221623
11 35 4.438746537044325
11 36 -2.6790748292669746
11 37 -5.358149658533949
11 38 2.1286052639445554
11 39 4.257210527889111
12 -9.685163092839863
12 13 11.672845645744491
12 14 4.440892098500626e-16
12 15 8.881784197001252e-16
12 16 0.9234337701512091
12 17 1.8468675403024182
12 18 -1.4337303552733902
12 19 -2.8674607105467804
12 20 -1.4104051579520016
12 21 -2.820810315904003
12 22 1.7082518372012947
12 23 3.4165036744025894
12 24 2.3805202331511177
12 25 4.761040466302235
12 26 -1.6359250735367883
12 27 -3.2718501470735766
12 28 0.4418272596692461
12 29 0.8836545193384922
12 30 -2.9699391237108195
12 31 -5.939878247421639
12 32 -1.5098075477025206
12 33 -3.019615095405041
12 34 -1.0101087790314693
12 35 -2.0202175580629387
12 36 0.4427664751246832
12 37 0.8855329502493664
12 38 -0.7321409050309436
12 39 -1.4642818100618873
13 -13.53390336280748
13 14 8.881784197001252e-16
13 15 1.7763568394002505e-15
13 16 1.8468675403024182
13 17 3.6937350806048364
13 18 -2.8674607105467804
13 19 -5.734921421093561
13 20 -2.820810315904003
13 21 -5.641620631808006
13 22 3.4165036744025894
13 23 6.833007348805179
13 24 4.761040466302235
13 25 9.52208093260447
13 26 -3.2718501470735766
13 27 -6.543700294147153
13 28 0.8836545193384922
13 29 1.7673090386769843
13 30 -5.939878247421639
13 31 -11.879756494843278
13 32 -3.019615095405041
13 33 -6.039230190810082
13 34 -2.0202175580629387
13 35 -4.040435116125877
13 36 0.8855329502493664
13 37 1.7710659004987328
13 38 -1.4642818100618873
13 39 -2.9285636201237746
14 -6.608025320320609
14 15 11.672845645744491
14 16 1.43373035527339
14 17 2.86746071054678
14 18 0.9234337701512093
14 19 1.8468675403024186
14 20 -1.7082518372012947
14 21 -3.4165036744025894
14 22 -1.410405157952002
14 23 -2.820810315904004
14 24 1.6359250735367885
14 25 3.271850147073577
14 26 2.3805202331511177
14 27 4.761040466302235
14 28 2.9699391237108195
14 29 5.939878247421639
14 30 0.4418272596692455
14 31 0.883654519338491
14 32 1.0101087790314691
14 33 2.0202175580629382
14 34 -1.5098075477025206
14 35 -3.019615095405041
14 36 0.7321409050309435
14 37 1.464281810061887
14 38 0.44276647512468326
14 39 0.8855329502493665
15 -7.379627817768972
15 16 2.86746071054678
15 17 5.73492142109356
15 18 1.8468675403024186
15 19 3.6937350806048372
15 20 -3.4165036744025894
15 21 -6.833007348805179
15 22 -2.820810315904004
15 23 -5.641620631808008
15 24 3.271850147073577
15 25 6.543700294147154
15 26 4.761040466302235
15 27 9.52208093260447
15 28 5.939878247421639
15 29 11.879756494843278
15 30 0.883654519338491
15 31 1.767309038676982
15 32 2.0202175580629382
15 33 4.0404351161258765
15 34 -3.019615095405041
15 35 -6.039230190810082
15 36 1.464281810061887
15 37 2.928563620123774
15 38 0.8855329502493665
15 39 1.771065900498733
16 -39.81498569022013
16 17 19.03518026730257
16 18 4.440892098500626e-16
16 19 8.881784197001252e-16
16 20 -0.2640899929204832
16 21 -0.5281799858409664
16 22 2.9377583055287655
16 23 5.875516611057531
16 24 1.2976806064209905
16 25 2.595361212841981
16 26 3.7513231545088006
16 27 7.502646309017601
16 28 -0.540987242851372
16 29 -1.081974485702744
16 30 1.73394391096598
16 31 3.46788782193196
16 32 1.8758030306352456
16 33 3.751606061270491
16 34 0.2552363883198281
16 35 0.5104727766396562
16 36 -0.16242450385166562
16 37 -0.32484900770333125
16 38 1.3223287286093914
16 39 2.644657457218783
17 -70.11238124678897
17 18 8.881784197001252e-16
17 19 1.7763568394002505e-15
17 20 -0.5281799858409664
17 21 -1.0563599716819327
17 22 5.875516611057531
17 23 11.751033222115062
17 24 2.595361212841981
17 25 5.190722425683962
17 26 7.502646309017601
17 27 15.005292618035202
17 28 -1.081974485702744
17 29 -2.163948971405488
17 30 3.46788782193196
17 31 6.93577564386392
17 32 3.751606061270491
17 33 7.503212122540982
17 34 0.5104727766396562
17 35 1.0209455532793124
17 36 -0.32484900770333125
17 37 -0.6496980154066625
17 38 2.644657457218783
17 39 5.289314914437566
18 32.89427850640707
18 19 19.03518026730257
18 20 -2.9377583055287655
18 21 -5.875516611057531
18 22 -0.2640899929204832
18 23 -0.5281799858409664
18 24 -3.7513231545088006
18 25 -7.502646309017601
18 26 1.2976806064209905
18 27 2.595361212841981
18 28 -1.73394391096598
18 29 -3.46788782193196
18 30 -0.540987242851372
18 31 -1.081974485702744
18 32 -0.255236388319828
18 33 -0.510472776639656
18 34 1.8758030306352453
18 35 3.7516060612704907
18 36 -1.3223287286093914
18 37 -2.644657457218783
18 38 -0.16242450385166585
18 39 -0.3248490077033317
19 75.30614714646542
19 20 -5.875516611057531
19 21 -11.751033222115062
19 22 -0.5281799858409664
19 23 -1.0563599716819327
19 24 -7.502646309017601
19 25 -15.005292618035202
19 26 2.595361212841981
19 27 5.190722425683962
19 28 -3.46788782193196
19 29 -6.93577564386392
19 30 -1.081974485702744
19 31 -2.163948971405488
19 32 -0.510472776639656
19 33 -1.020945553279312
19 34 3.7516060612704907
19 35 7.503212122540981
19 36 -2.644657457218783
19 37 -5.289314914437566
19 38 -0.3248490077033317
19 39 -0.6496980154066634
20 -1.5693638009109607
20 21 23.737580434029937
20 22 4.440892098500626e-16
20 23 8.881784197001252e-16
20 24 -1.7630493289016713
20 25 -3.5260986578033426
20 26 -2.3444018268934244
20 27 -4.688803653786849
20 28 -2.799646271110011
20 29 -5.599292542220022
20 30 0.9427641163990563
20 31 1.8855282327981127
20 32 0.8498223453444145
20 33 1.699644690688829
20 34 -0.33674187271929445
20 35 -0.6734837454385889
20 36 1.1248591045998537
20 37 2.2497182091997074
20 38 -0.1563947310588898
20 39 -0.3127894621177796
21 8.730062615193049
21 22 8.881784197001252e-16
21 23 1.7763568394002505e-15
21 24 -3.5260986578033426
21 25 -7.052197315606685
21 26 -4.688803653786849
21 27 -9.377607307573697
21 28 -5.599292542220022
21 29 -11.198585084440044
21 30 1.8855282327981127
21 31 3.7710564655962253
21 32 1.699644690688829
21 33 3.399289381377658
21 34 -0.6734837454385889
21 35 -1.3469674908771778
21 36 2.2497182091997074
21 37 4.499436418399415
21 38 -0.3127894621177796
21 39 -0.6255789242355592
22 -52.77345093952684
22 23 23.737580434029933
22 24 2.344401826893424
22 25 4.688803653786848
22 26 -1.7630493289016713
22 27 -3.5260986578033426
22 28 -0.9427641163990567
22 29 -1.8855282327981133
22 30 -2.799646271110011
22 31 -5.599292542220022
22 32 0.3367418727192949
22 33 0.6734837454385898
22 34 0.8498223453444147
22 35 1.6996446906888294
22 36 0.15639473105888982
22 37 0.31278946211777964
22 38 1.1248591045998537
22 39 2.2497182091997074
23 -93.67811166203872
23 24 4.688803653786848
23 25 9.377607307573696
23 26 -3.5260986578033426
23 27 -7.052197315606685
23 28 -1.8855282327981133
23 29 -3.7710564655962266
23 30 -5.599292542220022
23 31 -11.198585084440044
23 32 0.6734837454385898
23 33 1.3469674908771796
23 34 1.6996446906888294
23 35 3.399289381377659
23 36 0.31278946211777964
23 37 0.6255789242355593
23 38 2.2497182091997074
23 39 4.499436418399415
24 -43.02364253222105
24 25 12.339708082083
24 26 3.3306690738754696e-16
24 27 6.661338147750939e-16
24 28 2.936581638019848
24 29 5.873163276039696
24 30 -1.7191430699709316
24 31 -3.438286139941863
24 32 1.6626601212690197
24 33 3.3253202425380395
24 34 -0.04218156297532116
24 35 -0.08436312595064233
24 36 1.3429301999016752
24 37 2.6858603998033503
24 38 0.5094049449944053
24 39 1.0188098899888105
25 -79.87743102340059
25 26 6.661338147750939e-16
25 27 1.3322676295501878e-15
25 28 5.873163276039696
25 29 11.746326552079392
25 30 -3.438286139941863
25 31 -6.876572279883726
25 32 3.3253202425380395
25 33 6.650640485076079
25 34 -0.08436312595064233
25 35 -0.16872625190128465
25 36 2.6858603998033503
25 37 5.371720799606701
25 38 1.0188098899888105
25 39 2.037619779977621
26 -14.304679132182295
26 27 12.339708082083
26 28 1.7191430699709316
26 29 3.438286139941863
26 30 2.9365816380198484
26 31 5.873163276039697
26 32 0.042181562975321385
26 33 0.08436312595064277
26 34 1.6626601212690197
26 35 3.3253202425380395
26 36 -0.5094049449944051
26 37 -1.0188098899888103
26 38 1.3429301999016752
26 39 2.6858603998033503
27 -22.43950422332309
27 28 3.438286139941863
27 29 6.876572279883726
27 30 5.873163276039697
27 31 11.746326552079394
27 32 0.08436312595064277
27 33 0.16872625190128554
27 34 3.3253202425380395
27 35 6.650640485076079
27 36 -1.0188098899888103
27 37 -2.0376197799776206
27 38 2.6858603998033503
27 39 5.371720799606701
28 -30.78345167929359
28 29 14.40299129990543
28 30 4.440892098500626e-16
28 31 8.881784197001252e-16
28 32 -0.5404454103439232
28 33 -1.0808908206878465
28 34 -0.917690315692982
28 35 -1.835380631385964
28 36 0.064502802584401
28 37 0.129005605168802
28 38 -0.23177484237930102
28 39 -0.46354968475860203
29 -54.36540770863447
29 30 8.881784197001252e-16
29 31 1.7763568394002505e-15
29 32 -1.0808908206878465
29 33 -2.161781641375693
29 34 -1.835380631385964
29 35 -3.670761262771928
29 36 0.129005605168802
29 37 0.258011210337604
29 38 -0.46354968475860203
29 39 -0.9270993695172041
30 0.1868332680477427
30 31 14.40299129990543
30 32 0.9176903156929818
30 33 1.8353806313859635
30 34 -0.5404454103439236
30 35 -1.0808908206878471
30 36 0.23177484237930124
30 37 0.4635496847586025
30 38 0.064502802584401
30 39 0.129005605168802
31 7.5751621860482015
31 32 1.8353806313859635
31 33 3.670761262771927
31 34 -1.0808908206878471
31 35 -2.1617816413756943
31 36 0.4635496847586025
31 37 0.927099369517205
31 38 0.129005605168802
31 39 0.258011210337604
32 -21.458343113214127
32 33 14.840036124361987
32 34 3.885780586188048e-16
32 35 7.771561172376096e-16
32 36 -1.3380175529555405
32 37 -2.676035105911081
32 38 2.3938171986029277
32 39 4.7876343972058555
33 -35.49666816424726
33 34 7.771561172376096e-16
33 35 1.5543122344752192e-15
33 36 -2.676035105911081
33 37 -5.352070211822162
33 38 4.7876343972058555
33 39 9.575268794411711
34 -3.8315647659070824
34 35 14.840036124361987
34 36 -2.3938171986029277
34 37 -4.7876343972058555
34 38 -1.3380175529555403
34 39 -2.6760351059110805
35 -0.2431114696331722
35 36 -4.7876343972058555
35 37 -9.575268794411711
35 38 -2.6760351059110805
35 39 -5.352070211822161
36 -9.798480092880112
36 37 12.326101094419844
36 38 3.885780586188048e-16
36 39 7.771561172376096e-16
37 -13.433909638550302
37 38 7.771561172376096e-16
37 39 1.5543122344752192e-15
38 -24.32667597567498
38 39 12.326101094419844
39 -42.490301404140034
