40
1100111011000101001101001111110110110001
0 12.555125490512742
0 1 15.483875722781676
0 2 3.885780586188048e-16
0 3 7.771561172376096e-16
0 4 -0.9362237980329255
0 5 -1.872447596065851
0 6 0.9927605696179201
0 7 1.9855211392358403
0 8 -1.1471874439746808
0 9 -2.2943748879493615
0 10 -2.750835756084415
0 11 -5.50167151216883
0 12 -1.6912892121728529
0 13 -3.3825784243457058
0 14 2.366557344409011
0 15 4.733114688818022
0 16 0.8793573226727535
0 17 1.758714645345507
0 18 0.05214207691387207
0 19 0.10428415382774414
0 20 0.3925727613811525
0 21 0.785145522762305
0 22 -1.4632634375113256
0 23 -2.926526875022651
0 24 0.6715585729027298
0 25 1.3431171458054596
0 26 1.9999326629223262
0 27 3.9998653258446524
0 28 0.12266132366391838
0 29 0.24532264732783676
0 30 0.7317996814401605
0 31 1.463599362880321
0 32 -2.176556174730779
0 33 -4.353112349461558
0 34 -2.2063864588782733
0 35 -4.412772917756547
0 36 -3.4024531119832337
0 37 -6.8049062239664675
0 38 -0.8245717012554483
0 39 -1.6491434025108966
1 32.85218884241632
1 2 7.771561172376096e-16
1 3 1.5543122344752192e-15
1 4 -1.872447596065851
1 5 -3.744895192131702
1 6 1.9855211392358403
1 7 3.9710422784716806
1 8 -2.2943748879493615
1 9 -4.588749775898723
1 10 -5.50167151216883
1 11 -11.00334302433766
1 12 -3.3825784243457058
1 13 -6.7651568486914115
1 14 4.733114688818022
1 15 9.466229377636044
1 16 1.758714645345507
1 17 3.517429290691014
1 18 0.10428415382774414
1 19 0.20856830765548828
1 20 0.785145522762305
1 21 1.57029104552461
1 22 -2.926526875022651
1 23 -5.853053750045302
1 24 1.3431171458054596
1 25 2.686234291610919
1 26 3.9998653258446524
1 27 7.999730651689305
1 28 0.24532264732783676
1 29 0.4906452946556735
1 30 1.463599362880321
1 31 2.927198725760642
1 32 -4.353112349461558
1 33 -8.706224698923116
1 34 -4.412772917756547
1 35 -8.825545835513093
1 36 -6.8049062239664675
1 37 -13.609812447932935
1 38 -1.6491434025108966
1 39 -3.2982868050217933
2 12.662614848465433
2 3 15.483875722781676
2 4 -0.9927605696179203
2 5 -1.9855211392358405
2 6 -0.9362237980329257
2 7 -1.8724475960658513
2 8 2.750835756084415
2 9 5.50167151216883
2 10 -1.1471874439746808
2 11 -2.2943748879493615
2 12 -2.3665573444090104
2 13 -4.733114688818021
2 14 -1.6912892121728529
2 15 -3.3825784243457058
2 16 -0.05214207691387185
2 17 -0.1042841538277437
2 18 0.8793573226727536
2 19 1.7587146453455071
2 20 1.4632634375113256
2 21 2.926526875022651
2 22 0.39257276138115244
2 23 0.7851455227623049
2 24 -1.9999326629223262
2 25 -3.9998653258446524
2 26 0.6715585729027298
2 27 1.3431171458054596
2 28 -0.7317996814401604
2 29 -1.4635993628803208
2 30 0.12266132366391844
2 31 0.24532264732783687
2 32 2.2063864588782733
2 33 4.412772917756547
2 34 -2.176556174730779
2 35 -4.353112349461558
2 36 0.8245717012554481
2 37 1.6491434025108962
2 38 -3.402453111983234
2 39 -6.804906223966468
3 33.0671675583217
3 4 -1.9855211392358405
3 5 -3.971042278471681
3 6 -1.8724475960658513
3 7 -3.7448951921317026
3 8 5.50167151216883
3 9 11.00334302433766
3 10 -2.2943748879493615
3 11 -4.588749775898723
3 12 -4.733114688818021
3 13 -9.466229377636042
3 14 -3.3825784243457058
3 15 -6.7651568486914115
3 16 -0.1042841538277437
3 17 -0.2085683076554874
3 18 1.7587146453455071
3 19 3.5174292906910143
3 20 2.926526875022651
3 21 5.853053750045302
3 22 0.7851455227623049
3 23 1.5702910455246097
3 24 -3.9998653258446524
3 25 -7.999730651689305
3 26 1.3431171458054596
3 27 2.686234291610919
3 28 -1.4635993628803208
3 29 -2.9271987257606416
3 30 0.24532264732783687
3 31 0.49064529465567375
3 32 4.412772917756547
3 33 8.825545835513093
3 34 -4.353112349461558
3 35 -8.706224698923116
3 36 1.6491434025108962
3 37 3.2982868050217924
3 38 -6.804906223966468
3 39 -13.609812447932937
4 -14.306122551209532
4 5 8.918506278170405
4 6 2.220446049250313e-16
4 7 4.440892098500626e-16
4 8 0.7175917925064615
4 9 1.435183585012923
4 10 -0.6653380580996757
4 11 -1.3306761161993514
4 12 0.1316397124395654
4 13 0.2632794248791308
4 14 -0.4815971121142285
4 15 -0.963194224228457
4 16 -1.244755020839186
4 17 -2.489510041678372
4 18 0.5867964269603209
4 19 1.1735928539206417
4 20 -0.9640872498327927
4 21 -1.9281744996655854
4 22 1.1934996515311183
4 23 2.3869993030622365
4 24 0.6253524519197375
4 25 1.250704903839475
4 26 -1.0534754820126635
4 27 -2.106950964025327
4 28 0.5890421186839988
4 29 1.1780842373679976
4 30 0.5509298469650279
4 31 1.1018596939300558
4 32 -0.2777325872615725
4 33 -0.555465174523145
4 34 0.15700106241280265
4 35 0.3140021248256053
4 36 1.0693709990961118
4 37 2.1387419981922235
4 38 0.7374181195743887
4 39 1.4748362391487775
5 -24.15299196333386
5 6 4.440892098500626e-16
5 7 8.881784197001252e-16
5 8 1.435183585012923
5 9 2.870367170025846
5 10 -1.3306761161993514
5 11 -2.661352232398703
5 12 0.2632794248791308
5 13 0.5265588497582616
5 14 -0.963194224228457
5 15 -1.926388448456914
5 16 -2.489510041678372
5 17 -4.979020083356744
5 18 1.1735928539206417
5 19 2.3471857078412834
5 20 -1.9281744996655854
5 21 -3.856348999331171
5 22 2.3869993030622365
5 23 4.773998606124473
5 24 1.250704903839475
5 25 2.50140980767895
5 26 -2.106950964025327
5 27 -4.213901928050654
5 28 1.1780842373679976
5 29 2.356168474735995
5 30 1.1018596939300558
5 31 2.2037193878601116
5 32 -0.555465174523145
5 33 -1.11093034904629
5 34 0.3140021248256053
5 35 0.6280042496512106
5 36 2.1387419981922235
5 37 4.277483996384447
5 38 1.4748362391487775
5 39 2.949672478297555
6 -0.841796104325673
6 7 8.918506278170405
6 8 0.6653380580996757
6 9 1.3306761161993514
6 10 0.7175917925064614
6 11 1.4351835850129229
6 12 0.4815971121142283
6 13 0.9631942242284566
6 14 0.1316397124395654
6 15 0.2632794248791308
6 16 -0.5867964269603212
6 17 -1.1735928539206424
6 18 -1.2447550208391862
6 19 -2.4895100416783724
6 20 -1.1934996515311185
6 21 -2.386999303062237
6 22 -0.9640872498327929
6 23 -1.9281744996655859
6 24 1.0534754820126637
6 25 2.1069509640253274
6 26 0.6253524519197373
6 27 1.2507049038394746
6 28 -0.5509298469650278
6 29 -1.1018596939300556
6 30 0.5890421186839989
6 31 1.1780842373679978
6 32 -0.15700106241280265
6 33 -0.3140021248256053
6 34 -0.27773258726157246
6 35 -0.5554651745231449
6 36 -0.7374181195743885
6 37 -1.474836239148777
6 38 1.0693709990961118
6 39 2.1387419981922235
7 2.7756609304338573
7 8 1.3306761161993514
7 9 2.661352232398703
7 10 1.4351835850129229
7 11 2.8703671700258457
7 12 0.9631942242284566
7 13 1.9263884484569131
7 14 0.2632794248791308
7 15 0.5265588497582616
7 16 -1.1735928539206424
7 17 -2.3471857078412848
7 18 -2.4895100416783724
7 19 -4.979020083356745
7 20 -2.386999303062237
7 21 -4.773998606124474
7 22 -1.9281744996655859
7 23 -3.8563489993311717
7 24 2.1069509640253274
7 25 4.213901928050655
7 26 1.2507049038394746
7 27 2.5014098076789493
7 28 -1.1018596939300556
7 29 -2.203719387860111
7 30 1.1780842373679978
7 31 2.3561684747359957
7 32 -0.3140021248256053
7 33 -0.6280042496512106
7 34 -0.5554651745231449
7 35 -1.1109303490462898
7 36 -1.474836239148777
7 37 -2.949672478297554
7 38 2.1387419981922235
7 39 4.277483996384447
8 -4.530188829957595
8 9 10.619623625987755
8 10 3.3306690738754696e-16
8 11 6.661338147750939e-16
8 12 3.3597566871403632
8 13 6.7195133742807265
8 14 -2.4795851727768623
8 15 -4.959170345553725
8 16 -0.14218558801976194
8 17 -0.2843711760395239
8 18 -2.3672662674532545
8 19 -4.734532534906509
8 20 0.8144944693545597
8 21 1.6289889387091194
8 22 2.429072548918741
8 23 4.858145097837482
8 24 -1.0017774034466504
8 25 -2.003554806893301
8 26 2.3047015374827136
8 27 4.609403074965427
8 28 -1.1048798741515562
8 29 -2.2097597483031124
8 30 0.7559422735318425
8 31 1.511884547063685
8 32 2.4871422096545452
8 33 4.9742844193090905
8 34 -2.5899653507852918
8 35 -5.1799307015705836
8 36 2.2850983810326273
8 37 4.570196762065255
8 38 -0.46821724405140985
8 39 -0.9364344881028197
9 -3.75056584692131
9 10 6.661338147750939e-16
9 11 1.3322676295501878e-15
9 12 6.7195133742807265
9 13 13.439026748561453
9 14 -4.959170345553725
9 15 -9.91834069110745
9 16 -0.2843711760395239
9 17 -0.5687423520790478
9 18 -4.734532534906509
9 19 -9.469065069813018
9 20 1.6289889387091194
9 21 3.257977877418239
9 22 4.858145097837482
9 23 9.716290195674963
9 24 -2.003554806893301
9 25 -4.007109613786602
9 26 4.609403074965427
9 27 9.218806149930854
9 28 -2.2097597483031124
9 29 -4.419519496606225
9 30 1.511884547063685
9 31 3.02376909412737
9 32 4.9742844193090905
9 33 9.948568838618181
9 34 -5.1799307015705836
9 35 -10.359861403141167
9 36 4.570196762065255
9 37 9.14039352413051
9 38 -0.9364344881028197
9 39 -1.8728689762056394
10 -20.467268637693497
10 11 10.619623625987755
10 12 2.479585172776863
10 13 4.959170345553726
10 14 3.3597566871403632
10 15 6.7195133742807265
10 16 2.367266267453254
10 17 4.734532534906508
10 18 -0.142185588019762
10 19 -0.284371176039524
10 20 -2.429072548918741
10 21 -4.858145097837482
10 22 0.8144944693545597
10 23 1.6289889387091194
10 24 -2.3047015374827136
10 25 -4.609403074965427
10 26 -1.0017774034466504
10 27 -2.003554806893301
10 28 -0.7559422735318425
10 29 -1.511884547063685
10 30 -1.104879874151556
10 31 -2.209759748303112
10 32 2.5899653507852918
10 33 5.1799307015705836
10 34 2.4871422096545452
10 35 4.9742844193090905
10 36 0.46821724405140996
10 37 0.9364344881028199
10 38 2.2850983810326273
10 39 4.570196762065255
11 -35.624725462393116
11 12 4.959170345553726
11 13 9.918340691107453
11 14 6.7195133742807265
11 15 13.439026748561453
11 16 4.734532534906508
11 17 9.469065069813016
11 18 -0.284371176039524
11 19 -0.568742352079048
11 20 -4.858145097837482
11 21 -9.716290195674963
11 22 1.6289889387091194
11 23 3.257977877418239
11 24 -4.609403074965427
11 25 -9.218806149930854
11 26 -2.003554806893301
11 27 -4.007109613786602
11 28 -1.511884547063685
11 29 -3.02376909412737
11 30 -2.209759748303112
11 31 -4.419519496606224
11 32 5.1799307015705836
11 33 10.359861403141167
11 34 4.9742844193090905
11 35 9.948568838618181
11 36 0.9364344881028199
11 37 1.8728689762056399
11 38 4.570196762065255
11 39 9.14039352413051
12 -20.632536128053424
12 13 23.0114704622115
12 14 5.551115123125783e-16
12 15 1.1102230246251565e-15
12 16 1.827649975444169
12 17 3.655299950888338
12 18 -2.2935519992807203
12 19 -4.587103998561441
12 20 1.4939134726734307
12 21 2.9878269453468613
12 22 4.054158388531572
12 23 8.108316777063145
12 24 -0.18248377230833718
12 25 -0.36496754461667436
12 26 3.5333690627663827
12 27 7.0667381255327655
12 28 -1.8419969285478393
12 29 -3.6839938570956785
12 30 0.12215877454490665
12 31 0.2443175490898133
12 32 2.5225684699584505
12 33 5.045136939916901
12 34 -0.5692214408317213
12 35 -1.1384428816634427
12 36 1.9005384660000222
12 37 3.8010769320000444
12 38 0.19931703267830958
12 39 0.39863406535661916
13 -29.7593370250011
13 14 1.1102230246251565e-15
13 15 2.220446049250313e-15
13 16 3.655299950888338
13 17 7.310599901776676
13 18 -4.587103998561441
13 19 -9.174207997122881
13 20 2.9878269453468613
13 21 5.975653890693723
13 22 8.108316777063145
13 23 16.21663355412629
13 24 -0.36496754461667436
13 25 -0.7299350892333487
13 26 7.0667381255327655
13 27 14.133476251065531
13 28 -3.6839938570956785
13 29 -7.367987714191357
13 30 0.2443175490898133
13 31 0.4886350981796266
13 32 5.045136939916901
13 33 10.090273879833802
13 34 -1.1384428816634427
13 35 -2.2768857633268853
13 36 3.8010769320000444
13 37 7.602153864000089
13 38 0.39863406535661916
13 39 0.7972681307132383
14 -28.131761614352527
14 15 23.0114704622115
14 16 2.2935519992807203
14 17 4.587103998561441
14 18 1.8276499754441689
14 19 3.6552999508883377
14 20 -4.054158388531572
14 21 -8.108316777063145
14 22 1.4939134726734307
14 23 2.9878269453468613
14 24 -3.5333690627663827
14 25 -7.0667381255327655
14 26 -0.18248377230833712
14 27 -0.36496754461667424
14 28 -0.12215877454490698
14 29 -0.24431754908981396
14 30 -1.8419969285478395
14 31 -3.683993857095679
14 32 0.5692214408317215
14 33 1.138442881663443
14 34 2.52256846995845
14 35 5.0451369399169
14 36 -0.19931703267830958
14 37 -0.39863406535661916
14 38 1.9005384660000222
14 39 3.8010769320000444
15 -44.75778799759931
15 16 4.587103998561441
15 17 9.174207997122881
15 18 3.6552999508883377
15 19 7.310599901776675
15 20 -8.108316777063145
15 21 -16.21663355412629
15 22 2.9878269453468613
15 23 5.975653890693723
15 24 -7.0667381255327655
15 25 -14.133476251065531
15 26 -0.36496754461667424
15 27 -0.7299350892333485
15 28 -0.24431754908981396
15 29 -0.4886350981796279
15 30 -3.683993857095679
15 31 -7.367987714191358
15 32 1.138442881663443
15 33 2.276885763326886
15 34 5.0451369399169
15 35 10.0902738798338
15 36 -0.39863406535661916
15 37 -0.7972681307132383
15 38 3.8010769320000444
15 39 7.602153864000089
16 -27.469128807859885
16 17 12.1527687032365
16 18 3.3306690738754696e-16
16 19 6.661338147750939e-16
16 20 -0.36101477576674
16 21 -0.72202955153348
16 22 3.119848419440803
16 23 6.239696838881606
16 24 0.1252251329545573
16 25 0.2504502659091146
16 26 1.682619392441884
16 27 3.365238784883768
16 28 0.6697675703571447
16 29 1.3395351407142895
16 30 0.5500582524648756
16 31 1.1001165049297512
16 32 0.5295010276631168
16 33 1.0590020553262336
16 34 -0.7711820634004456
16 35 -1.5423641268008912
16 36 -2.105427147225769
16 37 -4.210854294451538
16 38 1.8575908179509253
16 39 3.7151816359018506
17 -48.861873264101526
17 18 6.661338147750939e-16
17 19 1.3322676295501878e-15
17 20 -0.72202955153348
17 21 -1.44405910306696
17 22 6.239696838881606
17 23 12.479393677763213
17 24 0.2504502659091146
17 25 0.5009005318182292
17 26 3.365238784883768
17 27 6.730477569767536
17 28 1.3395351407142895
17 29 2.679070281428579
17 30 1.1001165049297512
17 31 2.2002330098595024
17 32 1.0590020553262336
17 33 2.118004110652467
17 34 -1.5423641268008912
17 35 -3.0847282536017824
17 36 -4.210854294451538
17 37 -8.421708588903076
17 38 3.7151816359018506
17 39 7.430363271803701
18 -7.256595570907779
18 19 12.1527687032365
18 20 -3.119848419440803
18 21 -6.239696838881606
18 22 -0.36101477576673996
18 23 -0.7220295515334799
18 24 -1.6826193924418842
18 25 -3.3652387848837684
18 26 0.12522513295455734
18 27 0.2504502659091147
18 28 -0.5500582524648756
18 29 -1.1001165049297512
18 30 0.6697675703571446
18 31 1.3395351407142893
18 32 0.7711820634004456
18 33 1.5423641268008912
18 34 0.5295010276631167
18 35 1.0590020553262334
18 36 -1.8575908179509257
18 37 -3.7151816359018515
18 38 -2.1054271472257695
18 39 -4.210854294451539
19 -8.436806790197307
19 20 -6.239696838881606
19 21 -12.479393677763213
19 22 -0.7220295515334799
19 23 -1.4440591030669598
19 24 -3.3652387848837684
19 25 -6.730477569767537
19 26 0.2504502659091147
19 27 0.5009005318182294
19 28 -1.1001165049297512
19 29 -2.2002330098595024
19 30 1.3395351407142893
19 31 2.6790702814285785
19 32 1.5423641268008912
19 33 3.0847282536017824
19 34 1.0590020553262334
19 35 2.1180041106524667
19 36 -3.7151816359018515
19 37 -7.430363271803703
19 38 -4.210854294451539
19 39 -8.421708588903078
20 29.481444886278194
20 21 13.260314605831924
20 22 3.3306690738754696e-16
20 23 6.661338147750939e-16
20 24 1.5202304413605605
20 25 3.040460882721121
20 26 0.10541327304825085
20 27 0.2108265460965017
20 28 0.816316704183945
20 29 1.63263340836789
20 30 -0.4661311091567675
20 31 -0.932262218313535
20 32 -1.7277089467226363
20 33 -3.4554178934452726
20 34 -1.4397110765587584
20 35 -2.879422153117517
20 36 -0.4240345080085397
20 37 -0.8480690160170794
20 38 -1.3485504240852084
20 39 -2.697100848170417
21 65.59304707547236
21 22 6.661338147750939e-16
21 23 1.3322676295501878e-15
21 24 3.040460882721121
21 25 6.080921765442242
21 26 0.2108265460965017
21 27 0.4216530921930034
21 28 1.63263340836789
21 29 3.26526681673578
21 30 -0.932262218313535
21 31 -1.86452443662707
21 32 -3.4554178934452726
21 33 -6.910835786890545
21 34 -2.879422153117517
21 35 -5.758844306235034
21 36 -0.8480690160170794
21 37 -1.6961380320341588
21 38 -2.697100848170417
21 39 -5.394201696340834
22 -31.5221473449984
22 23 13.260314605831924
22 24 -0.10541327304825052
22 25 -0.21082654609650103
22 26 1.5202304413605605
22 27 3.040460882721121
22 28 0.4661311091567676
22 29 0.9322622183135352
22 30 0.8163167041839448
22 31 1.6326334083678895
22 32 1.4397110765587589
22 33 2.8794221531175177
22 34 -1.727708946722636
22 35 -3.455417893445272
22 36 1.3485504240852084
22 37 2.697100848170417
22 38 -0.42403450800853965
22 39 -0.8480690160170793
23 -56.41413738708084
23 24 -0.21082654609650103
23 25 -0.42165309219300207
23 26 3.040460882721121
23 27 6.080921765442242
23 28 0.9322622183135352
23 29 1.8645244366270703
23 30 1.6326334083678895
23 31 3.265266816735779
23 32 2.8794221531175177
23 33 5.758844306235035
23 34 -3.455417893445272
23 35 -6.910835786890544
23 36 2.697100848170417
23 37 5.394201696340834
23 38 -0.8480690160170793
23 39 -1.6961380320341586
24 -10.625198814584511
24 25 19.92096006583224
24 26 4.440892098500626e-16
24 27 8.881784197001252e-16
24 28 2.463407867401565
24 29 4.92681573480313
24 30 0.3390812577368736
24 31 0.6781625154737472
24 32 -1.1011651014943793
24 33 -2.2023302029887586
24 34 1.5016558309262638
24 35 3.0033116618525275
24 36 -0.9448791600974679
24 37 -1.8897583201949357
24 38 3.216485858309648
24 39 6.432971716619296
25 -11.289917596252902
25 26 8.881784197001252e-16
25 27 1.7763568394002505e-15
25 28 4.92681573480313
25 29 9.85363146960626
25 30 0.6781625154737472
25 31 1.3563250309474943
25 32 -2.2023302029887586
25 33 -4.404660405977517
25 34 3.0033116618525275
25 35 6.006623323705055
25 36 -1.8897583201949357
25 37 -3.7795166403898715
25 38 6.432971716619296
25 39 12.865943433238591
26 -4.976068436689219
26 27 19.92096006583224
26 28 -0.33908125773687353
26 29 -0.6781625154737471
26 30 2.463407867401565
26 31 4.92681573480313
26 32 -1.5016558309262642
26 33 -3.0033116618525284
26 34 -1.1011651014943795
26 35 -2.202330202988759
26 36 -3.216485858309648
26 37 -6.432971716619296
26 38 -0.9448791600974681
26 39 -1.8897583201949362
27 0.008343159537680833
27 28 -0.6781625154737471
27 29 -1.3563250309474941
27 30 4.92681573480313
27 31 9.85363146960626
27 32 -3.0033116618525284
27 33 -6.006623323705057
27 34 -2.202330202988759
27 35 -4.404660405977518
27 36 -6.432971716619296
27 37 -12.865943433238591
27 38 -1.8897583201949362
27 39 -3.7795166403898723
28 -7.278458915918521
28 29 7.035549995622322
28 30 0.0
28 31 0.0
28 32 -1.3319144326843557
28 33 -2.6638288653687114
28 34 0.8456831752323167
28 35 1.6913663504646335
28 36 0.553977015135463
28 37 1.107954030270926
28 38 1.592142573522675
28 39 3.18428514704535
29 -11.039142834025881
29 30 0.0
29 31 0.0
29 32 -2.6638288653687114
29 33 -5.327657730737423
29 34 1.6913663504646335
29 35 3.382732700929267
29 36 1.107954030270926
29 37 2.215908060541852
29 38 3.18428514704535
29 39 6.3685702940907
30 -5.7639041035617735
30 31 7.035549995622322
30 32 -0.8456831752323171
30 33 -1.6913663504646341
30 34 -1.3319144326843557
30 35 -2.6638288653687114
30 36 -1.5921425735226753
30 37 -3.1842851470453506
30 38 0.5539770151354626
30 39 1.1079540302709252
31 -8.010033209312386
31 32 -1.6913663504646341
31 33 -3.3827327009292683
31 34 -2.6638288653687114
31 35 -5.327657730737423
31 36 -3.1842851470453506
31 37 -6.368570294090701
31 38 1.1079540302709252
31 39 2.2159080605418504
32 -26.21836757738447
32 33 14.520758851828635
32 34 2.7755575615628914e-16
32 35 5.551115123125783e-16
32 36 3.7810357673233206
32 37 7.562071534646641
32 38 1.2183201638993932
32 39 2.4366403277987865
33 -45.17635572885462
33 34 5.551115123125783e-16
33 35 1.1102230246251565e-15
33 36 7.562071534646641
33 37 15.124143069293282
33 38 2.4366403277987865
33 39 4.873280655597573
34 -9.609631838219812
34 35 14.520758851828635
34 36 -1.2183201638993928
34 37 -2.4366403277987856
34 38 3.7810357673233206
34 39 7.562071534646641
35 -11.958884250525307
35 36 -2.4366403277987856
35 37 -4.873280655597571
35 38 7.562071534646641
35 39 15.124143069293282
36 -4.205230988406284
36 37 18.363742653293443
36 38 2.220446049250313e-16
36 39 4.440892098500626e-16
37 0.7714093498341548
37 38 4.440892098500626e-16
37 39 8.881784197001252e-16
38 -35.98648256926918
38 39 18.363742653293443
39 -62.79109381189164
