40
1100111011000101001101001111110110110001
0 0.4149128847994632
0 1 18.62259909643507
0 2 4.163336342344337e-16
0 3 8.326672684688674e-16
0 4 1.034847942740801
0 5 2.069695885481602
0 6 -0.5500029850480909
0 7 -1.1000059700961817
0 8 -2.4795385848822558
0 9 -4.9590771697645115
0 10 -1.5030020203902323
0 11 -3.0060040407804647
0 12 3.1203860443332756
0 13 6.240772088666551
0 14 -1.9054184144992223
0 15 -3.8108368289984447
0 16 2.6533059942952475
0 17 5.306611988590495
0 18 -1.1183331867484667
0 19 -2.2366663734969334
0 20 0.5797510379585906
0 21 1.1595020759171812
0 22 1.1661252210948179
0 23 2.3322504421896357
0 24 3.0343400978070485
0 25 6.068680195614097
0 26 -1.6777685572516647
0 27 -3.3555371145033295
0 28 -2.078344017785492
0 29 -4.156688035570984
0 30 -1.739886182667481
0 31 -3.479772365334962
0 32 0.9145583170512088
0 33 1.8291166341024176
0 34 -2.235600347312666
0 35 -4.471200694625332
0 36 -1.7538160319553988
0 37 -3.5076320639107976
0 38 -0.293201106556232
0 39 -0.586402213112464
1 10.141125317816464
1 2 8.326672684688674e-16
1 3 1.6653345369377348e-15
1 4 2.069695885481602
1 5 4.139391770963204
1 6 -1.1000059700961817
1 7 -2.2000119401923635
1 8 -4.9590771697645115
1 9 -9.918154339529023
1 10 -3.0060040407804647
1 11 -6.012008081560929
1 12 6.240772088666551
1 13 12.481544177333102
1 14 -3.8108368289984447
1 15 -7.621673657996889
1 16 5.306611988590495
1 17 10.61322397718099
1 18 -2.2366663734969334
1 19 -4.473332746993867
1 20 1.1595020759171812
1 21 2.3190041518343625
1 22 2.3322504421896357
1 23 4.6645008843792715
1 24 6.068680195614097
1 25 12.137360391228194
1 26 -3.3555371145033295
1 27 -6.711074229006659
1 28 -4.156688035570984
1 29 -8.313376071141969
1 30 -3.479772365334962
1 31 -6.959544730669924
1 32 1.8291166341024176
1 33 3.6582332682048353
1 34 -4.471200694625332
1 35 -8.942401389250664
1 36 -3.5076320639107976
1 37 -7.015264127821595
1 38 -0.586402213112464
1 39 -1.172804426224928
2 -29.754931961490833
2 3 18.62259909643507
2 4 0.550002985048091
2 5 1.100005970096182
2 6 1.034847942740801
2 7 2.069695885481602
2 8 1.5030020203902321
2 9 3.0060040407804642
2 10 -2.4795385848822558
2 11 -4.9590771697645115
2 12 1.905418414499223
2 13 3.810836828998446
2 14 3.1203860443332756
2 15 6.240772088666551
2 16 1.1183331867484672
2 17 2.2366663734969343
2 18 2.6533059942952475
2 19 5.306611988590495
2 20 -1.166125221094818
2 21 -2.332250442189636
2 22 0.5797510379585904
2 23 1.1595020759171808
2 24 1.6777685572516647
2 25 3.3555371145033295
2 26 3.034340097807049
2 27 6.068680195614098
2 28 1.739886182667481
2 29 3.479772365334962
2 30 -2.0783440177854917
2 31 -4.156688035570983
2 32 2.235600347312666
2 33 4.471200694625332
2 34 0.9145583170512085
2 35 1.829116634102417
2 36 0.29320110655623166
2 37 0.5864022131124633
2 38 -1.7538160319553988
2 39 -3.5076320639107976
3 -50.198564374764125
3 4 1.100005970096182
3 5 2.200011940192364
3 6 2.069695885481602
3 7 4.139391770963204
3 8 3.0060040407804642
3 9 6.0120080815609285
3 10 -4.9590771697645115
3 11 -9.918154339529023
3 12 3.810836828998446
3 13 7.621673657996892
3 14 6.240772088666551
3 15 12.481544177333102
3 16 2.2366663734969343
3 17 4.473332746993869
3 18 5.306611988590495
3 19 10.61322397718099
3 20 -2.332250442189636
3 21 -4.664500884379272
3 22 1.1595020759171808
3 23 2.3190041518343616
3 24 3.3555371145033295
3 25 6.711074229006659
3 26 6.068680195614098
3 27 12.137360391228196
3 28 3.479772365334962
3 29 6.959544730669924
3 30 -4.156688035570983
3 31 -8.313376071141967
3 32 4.471200694625332
3 33 8.942401389250664
3 34 1.829116634102417
3 35 3.658233268204834
3 36 0.5864022131124633
3 37 1.1728044262249266
3 38 -3.5076320639107976
3 39 -7.015264127821595
4 -14.143188219748883
4 5 8.202341561017377
4 6 2.220446049250313e-16
4 7 4.440892098500626e-16
4 8 0.419304271026828
4 9 0.838608542053656
4 10 -1.7442095228417203
4 11 -3.4884190456834405
4 12 0.2542965859228131
4 13 0.5085931718456262
4 14 -1.048398034627763
4 15 -2.096796069255526
4 16 0.19098199895189139
4 17 0.38196399790378277
4 18 0.7613890079411467
4 19 1.5227780158822934
4 20 0.22783829609983464
4 21 0.4556765921996693
4 22 3.054000197239124
4 23 6.108000394478248
4 24 1.0156732904375763
4 25 2.0313465808751525
4 26 0.8181795683128025
4 27 1.636359136625605
4 28 0.40990250055286626
4 29 0.8198050011057325
4 30 0.9371727520395552
4 31 1.8743455040791104
4 32 -2.159172598773121
4 33 -4.318345197546242
4 34 2.50563107860069
4 35 5.01126215720138
4 36 -0.14060484833376463
4 37 -0.28120969666752926
4 38 -0.46985874969532393
4 39 -0.9397174993906479
5 -24.185205658989076
5 6 4.440892098500626e-16
5 7 8.881784197001252e-16
5 8 0.838608542053656
5 9 1.677217084107312
5 10 -3.4884190456834405
5 11 -6.976838091366881
5 12 0.5085931718456262
5 13 1.0171863436912525
5 14 -2.096796069255526
5 15 -4.193592138511052
5 16 0.38196399790378277
5 17 0.7639279958075655
5 18 1.5227780158822934
5 19 3.045556031764587
5 20 0.4556765921996693
5 21 0.9113531843993385
5 22 6.108000394478248
5 23 12.216000788956496
5 24 2.0313465808751525
5 25 4.062693161750305
5 26 1.636359136625605
5 27 3.27271827325121
5 28 0.8198050011057325
5 29 1.639610002211465
5 30 1.8743455040791104
5 31 3.7486910081582208
5 32 -4.318345197546242
5 33 -8.636690395092485
5 34 5.01126215720138
5 35 10.02252431440276
5 36 -0.28120969666752926
5 37 -0.5624193933350585
5 38 -0.9397174993906479
5 39 -1.8794349987812957
6 1.6328245060823967
6 7 8.202341561017377
6 8 1.7442095228417203
6 9 3.4884190456834405
6 10 0.4193042710268281
6 11 0.8386085420536562
6 12 1.048398034627763
6 13 2.096796069255526
6 14 0.25429658592281335
6 15 0.5085931718456267
6 16 -0.7613890079411467
6 17 -1.5227780158822934
6 18 0.19098199895189127
6 19 0.38196399790378255
6 20 -3.054000197239124
6 21 -6.108000394478248
6 22 0.22783829609983464
6 23 0.4556765921996693
6 24 -0.8181795683128025
6 25 -1.636359136625605
6 26 1.0156732904375763
6 27 2.0313465808751525
6 28 -0.9371727520395551
6 29 -1.8743455040791102
6 30 0.40990250055286637
6 31 0.8198050011057327
6 32 -2.5056310786006906
6 33 -5.011262157201381
6 34 -2.159172598773121
6 35 -4.318345197546242
6 36 0.46985874969532393
6 37 0.9397174993906479
6 38 -0.14060484833376455
6 39 -0.2812096966675291
7 7.366819792673482
7 8 3.4884190456834405
7 9 6.976838091366881
7 10 0.8386085420536562
7 11 1.6772170841073124
7 12 2.096796069255526
7 13 4.193592138511052
7 14 0.5085931718456267
7 15 1.0171863436912534
7 16 -1.5227780158822934
7 17 -3.045556031764587
7 18 0.38196399790378255
7 19 0.7639279958075651
7 20 -6.108000394478248
7 21 -12.216000788956496
7 22 0.4556765921996693
7 23 0.9113531843993385
7 24 -1.636359136625605
7 25 -3.27271827325121
7 26 2.0313465808751525
7 27 4.062693161750305
7 28 -1.8743455040791102
7 29 -3.7486910081582203
7 30 0.8198050011057327
7 31 1.6396100022114655
7 32 -5.011262157201381
7 33 -10.022524314402762
7 34 -4.318345197546242
7 35 -8.636690395092485
7 36 0.9397174993906479
7 37 1.8794349987812957
7 38 -0.2812096966675291
7 39 -0.5624193933350582
8 -2.4883561573787336
8 9 8.226379485532822
8 10 2.220446049250313e-16
8 11 4.440892098500626e-16
8 12 -0.6491983453296901
8 13 -1.2983966906593802
8 14 0.16709420516571422
8 15 0.33418841033142843
8 16 0.14609413119175332
8 17 0.29218826238350665
8 18 0.2092155555807928
8 19 0.4184311111615856
8 20 -1.0532883868926715
8 21 -2.106576773785343
8 22 -0.24472607921427403
8 23 -0.48945215842854806
8 24 -0.7596638061057981
8 25 -1.5193276122115962
8 26 1.246284048716627
8 27 2.492568097433254
8 28 -0.4361730268856854
8 29 -0.8723460537713708
8 30 -0.937476170586843
8 31 -1.874952341173686
8 32 -0.19554950630408519
8 33 -0.39109901260817037
8 34 -0.36017624464119047
8 35 -0.7203524892823809
8 36 0.9270532245898578
8 37 1.8541064491797157
8 38 0.30709558882656884
8 39 0.6141911776531377
9 -0.8635225719910551
9 10 4.440892098500626e-16
9 11 8.881784197001252e-16
9 12 -1.2983966906593802
9 13 -2.5967933813187605
9 14 0.33418841033142843
9 15 0.6683768206628569
9 16 0.29218826238350665
9 17 0.5843765247670133
9 18 0.4184311111615856
9 19 0.8368622223231712
9 20 -2.106576773785343
9 21 -4.213153547570686
9 22 -0.48945215842854806
9 23 -0.9789043168570961
9 24 -1.5193276122115962
9 25 -3.0386552244231924
9 26 2.492568097433254
9 27 4.985136194866508
9 28 -0.8723460537713708
9 29 -1.7446921075427415
9 30 -1.874952341173686
9 31 -3.749904682347372
9 32 -0.39109901260817037
9 33 -0.7821980252163407
9 34 -0.7203524892823809
9 35 -1.4407049785647619
9 36 1.8541064491797157
9 37 3.7082128983594314
9 38 0.6141911776531377
9 39 1.2283823553062754
10 8.14069312841028
10 11 8.226379485532822
10 12 -0.16709420516571422
10 13 -0.33418841033142843
10 14 -0.6491983453296899
10 15 -1.2983966906593798
10 16 -0.20921555558079286
10 17 -0.4184311111615857
10 18 0.14609413119175346
10 19 0.2921882623835069
10 20 0.24472607921427414
10 21 0.4894521584285483
10 22 -1.0532883868926715
10 23 -2.106576773785343
10 24 -1.246284048716627
10 25 -2.492568097433254
10 26 -0.7596638061057981
10 27 -1.5193276122115962
10 28 0.937476170586843
10 29 1.874952341173686
10 30 -0.43617302688568527
10 31 -0.8723460537713705
10 32 0.36017624464119036
10 33 0.7203524892823807
10 34 -0.19554950630408519
10 35 -0.39109901260817037
10 36 -0.30709558882656884
10 37 -0.6141911776531377
10 38 0.927053224589858
10 39 1.854106449179716
11 20.39457599958697
11 12 -0.33418841033142843
11 13 -0.6683768206628569
11 14 -1.2983966906593798
11 15 -2.5967933813187596
11 16 -0.4184311111615857
11 17 -0.8368622223231714
11 18 0.2921882623835069
11 19 0.5843765247670138
11 20 0.4894521584285483
11 21 0.9789043168570966
11 22 -2.106576773785343
11 23 -4.213153547570686
11 24 -2.492568097433254
11 25 -4.985136194866508
11 26 -1.5193276122115962
11 27 -3.0386552244231924
11 28 1.874952341173686
11 29 3.749904682347372
11 30 -0.8723460537713705
11 31 -1.744692107542741
11 32 0.7203524892823807
11 33 1.4407049785647614
11 34 -0.39109901260817037
11 35 -0.7821980252163407
11 36 -0.6141911776531377
11 37 -1.2283823553062754
11 38 1.854106449179716
11 39 3.708212898359432
12 -26.61584312387
12 13 14.28398047675967
12 14 2.220446049250313e-16
12 15 4.440892098500626e-16
12 16 2.160966412984704
12 17 4.321932825969408
12 18 2.281807552758532
12 19 4.563615105517064
12 20 -0.31154584885937303
12 21 -0.6230916977187461
12 22 0.8146549059799751
12 23 1.6293098119599503
12 24 0.9957216788010114
12 25 1.9914433576020227
12 26 -0.5722607352176133
12 27 -1.1445214704352267
12 28 0.36290239867860424
12 29 0.7258047973572085
12 30 -1.464623358777807
12 31 -2.929246717555614
12 32 -0.11522090032373133
12 33 -0.23044180064746267
12 34 -0.5330032453677553
12 35 -1.0660064907355107
12 36 -0.7755331562769521
12 37 -1.5510663125539041
12 38 2.4956197096875985
12 39 4.991239419375197
13 -46.08969600936017
13 14 4.440892098500626e-16
13 15 8.881784197001252e-16
13 16 4.321932825969408
13 17 8.643865651938816
13 18 4.563615105517064
13 19 9.127230211034128
13 20 -0.6230916977187461
13 21 -1.2461833954374921
13 22 1.6293098119599503
13 23 3.2586196239199006
13 24 1.9914433576020227
13 25 3.9828867152040455
13 26 -1.1445214704352267
13 27 -2.2890429408704533
13 28 0.7258047973572085
13 29 1.451609594714417
13 30 -2.929246717555614
13 31 -5.858493435111228
13 32 -0.23044180064746267
13 33 -0.46088360129492534
13 34 -1.0660064907355107
13 35 -2.1320129814710214
13 36 -1.5510663125539041
13 37 -3.1021326251078083
13 38 4.991239419375197
13 39 9.982478838750394
14 -11.64741390213792
14 15 14.28398047675967
14 16 -2.281807552758532
14 17 -4.563615105517064
14 18 2.160966412984704
14 19 4.321932825969408
14 20 -0.814654905979975
14 21 -1.62930981195995
14 22 -0.31154584885937303
14 23 -0.6230916977187461
14 24 0.5722607352176134
14 25 1.144521470435227
14 26 0.9957216788010117
14 27 1.9914433576020234
14 28 1.464623358777807
14 29 2.929246717555614
14 30 0.3629023986786042
14 31 0.7258047973572084
14 32 0.5330032453677553
14 33 1.0660064907355107
14 34 -0.11522090032373189
14 35 -0.23044180064746378
14 36 -2.4956197096875985
14 37 -4.991239419375197
14 38 -0.7755331562769521
14 39 -1.5510663125539041
15 -16.152837565896007
15 16 -4.563615105517064
15 17 -9.127230211034128
15 18 4.321932825969408
15 19 8.643865651938816
15 20 -1.62930981195995
15 21 -3.2586196239199
15 22 -0.6230916977187461
15 23 -1.2461833954374921
15 24 1.144521470435227
15 25 2.289042940870454
15 26 1.9914433576020234
15 27 3.982886715204047
15 28 2.929246717555614
15 29 5.858493435111228
15 30 0.7258047973572084
15 31 1.4516095947144168
15 32 1.0660064907355107
15 33 2.1320129814710214
15 34 -0.23044180064746378
15 35 -0.46088360129492756
15 36 -4.991239419375197
15 37 -9.982478838750394
15 38 -1.5510663125539041
15 39 -3.1021326251078083
16 -20.125287675814217
16 17 16.56599790139526
16 18 4.440892098500626e-16
16 19 8.881784197001252e-16
16 20 1.3266597609372845
16 21 2.653319521874569
16 22 0.41817241429476676
16 23 0.8363448285895335
16 24 0.07377731065391627
16 25 0.14755462130783253
16 26 -0.01375317909012086
16 27 -0.02750635818024172
16 28 -2.7406161921405534
16 29 -5.481232384281107
16 30 -4.236707342162487
16 31 -8.473414684324974
16 32 2.951909614572053
16 33 5.903819229144106
16 34 -0.6236722009142557
16 35 -1.2473444018285114
16 36 0.6599142786995706
16 37 1.3198285573991413
16 38 2.9304670305868554
16 39 5.860934061173711
17 -31.9675764009308
17 18 8.881784197001252e-16
17 19 1.7763568394002505e-15
17 20 2.653319521874569
17 21 5.306639043749138
17 22 0.8363448285895335
17 23 1.672689657179067
17 24 0.14755462130783253
17 25 0.29510924261566507
17 26 -0.02750635818024172
17 27 -0.05501271636048344
17 28 -5.481232384281107
17 29 -10.962464768562214
17 30 -8.473414684324974
17 31 -16.946829368649947
17 32 5.903819229144106
17 33 11.807638458288212
17 34 -1.2473444018285114
17 35 -2.4946888036570227
17 36 1.3198285573991413
17 37 2.6396571147982826
17 38 5.860934061173711
17 39 11.721868122347422
18 -36.986274932695075
18 19 16.56599790139526
18 20 -0.4181724142947666
18 21 -0.8363448285895332
18 22 1.3266597609372848
18 23 2.6533195218745695
18 24 0.01375317909012086
18 25 0.02750635818024172
18 26 0.07377731065391624
18 27 0.14755462130783248
18 28 4.236707342162487
18 29 8.473414684324974
18 30 -2.7406161921405534
18 31 -5.481232384281107
18 32 0.6236722009142561
18 33 1.2473444018285123
18 34 2.9519096145720534
18 35 5.903819229144107
18 36 -2.9304670305868554
18 37 -5.860934061173711
18 38 0.6599142786995711
18 39 1.3198285573991422
19 -65.68955091469252
19 20 -0.8363448285895332
19 21 -1.6726896571790664
19 22 2.6533195218745695
19 23 5.306639043749139
19 24 0.02750635818024172
19 25 0.05501271636048344
19 26 0.14755462130783248
19 27 0.29510924261566496
19 28 8.473414684324974
19 29 16.946829368649947
19 30 -5.481232384281107
19 31 -10.962464768562214
19 32 1.2473444018285123
19 33 2.4946888036570245
19 34 5.903819229144107
19 35 11.807638458288213
19 36 -5.860934061173711
19 37 -11.721868122347422
19 38 1.3198285573991422
19 39 2.6396571147982844
20 5.302798060494585
20 21 14.152237093788528
20 22 2.220446049250313e-16
20 23 4.440892098500626e-16
20 24 1.0999761471507903
20 25 2.1999522943015806
20 26 -2.0081634178204366
20 27 -4.016326835640873
20 28 0.668881893632749
20 29 1.337763787265498
20 30 -0.20276257576348133
20 31 -0.40552515152696267
20 32 0.04689567268014133
20 33 0.09379134536028266
20 34 3.4882738042515715
20 35 6.976547608503143
20 36 1.663618709271301
20 37 3.327237418542602
20 38 -0.14917839096757657
20 39 -0.29835678193515314
21 17.681714667883433
21 22 4.440892098500626e-16
21 23 8.881784197001252e-16
21 24 2.1999522943015806
21 25 4.399904588603161
21 26 -4.016326835640873
21 27 -8.032653671281746
21 28 1.337763787265498
21 29 2.675527574530996
21 30 -0.40552515152696267
21 31 -0.8110503030539253
21 32 0.09379134536028266
21 33 0.18758269072056533
21 34 6.976547608503143
21 35 13.953095217006286
21 36 3.327237418542602
21 37 6.654474837085204
21 38 -0.29835678193515314
21 39 -0.5967135638703063
22 -28.505498621490162
22 23 14.152237093788528
22 24 2.0081634178204366
22 25 4.016326835640873
22 26 1.09997614715079
22 27 2.19995229430158
22 28 0.20276257576348128
22 29 0.40552515152696256
22 30 0.668881893632749
22 31 1.337763787265498
22 32 -3.4882738042515724
22 33 -6.976547608503145
22 34 0.04689567268014133
22 35 0.09379134536028266
22 36 0.14917839096757668
22 37 0.29835678193515336
22 38 1.6636187092713013
22 39 3.3272374185426026
23 -49.93487869608606
23 24 4.016326835640873
23 25 8.032653671281746
23 26 2.19995229430158
23 27 4.39990458860316
23 28 0.40552515152696256
23 29 0.8110503030539251
23 30 1.337763787265498
23 31 2.675527574530996
23 32 -6.976547608503145
23 33 -13.95309521700629
23 34 0.09379134536028266
23 35 0.18758269072056533
23 36 0.29835678193515336
23 37 0.5967135638703067
23 38 3.3272374185426026
23 39 6.654474837085205
24 -12.464742503780801
24 25 6.431881430025701
24 26 1.1102230246251565e-16
24 27 2.220446049250313e-16
24 28 -0.35836007986594676
24 29 -0.7167201597318935
24 30 0.1595999779354028
24 31 0.3191999558708056
24 32 -0.78353628281469
24 33 -1.56707256562938
24 34 0.4882680724454804
24 35 0.9765361448909609
24 36 0.1263097906424826
24 37 0.2526195812849652
24 38 0.12888265125856857
24 39 0.25776530251713714
25 -21.713544292548754
25 26 2.220446049250313e-16
25 27 4.440892098500626e-16
25 28 -0.7167201597318935
25 29 -1.433440319463787
25 30 0.3191999558708056
25 31 0.6383999117416111
25 32 -1.56707256562938
25 33 -3.13414513125876
25 34 0.9765361448909609
25 35 1.9530722897819217
25 36 0.2526195812849652
25 37 0.5052391625699304
25 38 0.25776530251713714
25 39 0.5155306050342743
26 -9.783045699089769
26 27 6.431881430025701
26 28 -0.15959997793540281
26 29 -0.31919995587080563
26 30 -0.3583600798659469
26 31 -0.7167201597318938
26 32 -0.48826807244548087
26 33 -0.9765361448909617
26 34 -0.7835362828146899
26 35 -1.5670725656293798
26 36 -0.12888265125856868
26 37 -0.25776530251713736
26 38 0.1263097906424826
26 39 0.2526195812849652
27 -16.350150683166685
27 28 -0.31919995587080563
27 29 -0.6383999117416113
27 30 -0.7167201597318938
27 31 -1.4334403194637877
27 32 -0.9765361448909617
27 33 -1.9530722897819235
27 34 -1.5670725656293798
27 35 -3.1341451312587596
27 36 -0.25776530251713736
27 37 -0.5155306050342747
27 38 0.2526195812849652
27 39 0.5052391625699304
28 -10.114236789992852
28 29 10.62516994300088
28 30 2.7755575615628914e-16
28 31 5.551115123125783e-16
28 32 1.5513612920749777
28 33 3.1027225841499555
28 34 3.2854444995384418
28 35 6.5708889990768835
28 36 -1.48368400804789
28 37 -2.96736801609578
28 38 -2.4291422449431055
28 39 -4.858284489886211
29 -14.915888608485265
29 30 5.551115123125783e-16
29 31 1.1102230246251565e-15
29 32 3.1027225841499555
29 33 6.205445168299911
29 34 6.5708889990768835
29 35 13.141777998153767
29 36 -2.96736801609578
29 37 -5.93473603219156
29 38 -4.858284489886211
29 39 -9.716568979772422
30 21.392002690554794
30 31 10.62516994300088
30 32 -3.2854444995384418
30 33 -6.5708889990768835
30 34 1.5513612920749777
30 35 3.1027225841499555
30 36 2.4291422449431055
30 37 4.858284489886211
30 38 -1.48368400804789
30 39 -2.96736801609578
31 48.09659035261002
31 32 -6.5708889990768835
31 33 -13.141777998153767
31 34 3.1027225841499555
31 35 6.205445168299911
31 36 4.858284489886211
31 37 9.716568979772422
31 38 -2.96736801609578
31 39 -5.93473603219156
32 -0.9143286517291465
32 33 19.93058758894373
32 34 8.881784197001252e-16
32 35 1.7763568394002505e-15
32 36 -0.5200140035544341
32 37 -1.0400280071088681
32 38 -1.8053690055613538
32 39 -3.6107380111227076
33 8.136636491013572
33 34 1.7763568394002505e-15
33 35 3.552713678800501e-15
33 36 -1.0400280071088681
33 37 -2.0800560142177362
33 38 -3.6107380111227076
33 39 -7.221476022245415
34 -13.322248907025942
34 35 19.93058758894373
34 36 1.8053690055613543
34 37 3.6107380111227085
34 38 -0.5200140035544338
34 39 -1.0400280071088677
35 -16.67920401958002
35 36 3.6107380111227085
35 37 7.221476022245417
35 38 -1.0400280071088677
35 39 -2.0800560142177353
36 9.37734820523183
36 37 13.352577604993282
36 38 2.7755575615628914e-16
36 39 5.551115123125783e-16
37 25.4309852129603
37 38 5.551115123125783e-16
37 39 1.1102230246251565e-15
38 -19.18529898218787
38 39 13.352577604993282
39 -31.694309161879097
