40
1100111011000101001101001111110110110001
0 9.384672638877836
0 1 24.20166401565294
0 2 8.881784197001252e-16
0 3 1.7763568394002505e-15
0 4 -1.5046261949993736
0 5 -3.009252389998747
0 6 0.19555158760358382
0 7 0.39110317520716764
0 8 -2.191379805929169
0 9 -4.382759611858338
0 10 -1.053196328037994
0 11 -2.106392656075988
0 12 0.8819479401657515
0 13 1.763895880331503
0 14 -1.1875679719898162
0 15 -2.3751359439796325
0 16 -1.5102332861068835
0 17 -3.020466572213767
0 18 0.8637594405713991
0 19 1.7275188811427982
0 20 0.13911090962700712
0 21 0.27822181925401424
0 22 2.8446344410849145
0 23 5.689268882169829
0 24 -0.8753214068875421
0 25 -1.7506428137750842
0 26 0.8830222368646858
0 27 1.7660444737293717
0 28 2.902872736434004
0 29 5.805745472868008
0 30 0.09493833002125163
0 31 0.18987666004250325
0 32 -0.03738303024036155
0 33 -0.0747660604807231
0 34 1.7510042563616652
0 35 3.5020085127233305
0 36 -3.0343802621976206
0 37 -6.068760524395241
0 38 -0.3453004028185497
0 39 -0.6906008056370994
1 30.870177285582145
1 2 1.7763568394002505e-15
1 3 3.552713678800501e-15
1 4 -3.009252389998747
1 5 -6.018504779997494
1 6 0.39110317520716764
1 7 0.7822063504143353
1 8 -4.382759611858338
1 9 -8.765519223716677
1 10 -2.106392656075988
1 11 -4.212785312151976
1 12 1.763895880331503
1 13 3.527791760663006
1 14 -2.3751359439796325
1 15 -4.750271887959265
1 16 -3.020466572213767
1 17 -6.040933144427534
1 18 1.7275188811427982
1 19 3.4550377622855963
1 20 0.27822181925401424
1 21 0.5564436385080285
1 22 5.689268882169829
1 23 11.378537764339658
1 24 -1.7506428137750842
1 25 -3.5012856275501685
1 26 1.7660444737293717
1 27 3.5320889474587434
1 28 5.805745472868008
1 29 11.611490945736016
1 30 0.18987666004250325
1 31 0.3797533200850065
1 32 -0.0747660604807231
1 33 -0.1495321209614462
1 34 3.5020085127233305
1 35 7.004017025446661
1 36 -6.068760524395241
1 37 -12.137521048790482
1 38 -0.6906008056370994
1 39 -1.3812016112741987
2 13.10286980396666
2 3 24.201664015652945
2 4 -0.19555158760358438
2 5 -0.39110317520716875
2 6 -1.5046261949993736
2 7 -3.009252389998747
2 8 1.0531963280379935
2 9 2.106392656075987
2 10 -2.191379805929169
2 11 -4.382759611858338
2 12 1.1875679719898162
2 13 2.3751359439796325
2 14 0.8819479401657515
2 15 1.763895880331503
2 16 -0.8637594405713993
2 17 -1.7275188811427986
2 18 -1.5102332861068835
2 19 -3.020466572213767
2 20 -2.844634441084914
2 21 -5.689268882169828
2 22 0.13911090962700717
2 23 0.27822181925401435
2 24 -0.8830222368646858
2 25 -1.7660444737293717
2 26 -0.8753214068875421
2 27 -1.7506428137750842
2 28 -0.0949383300212514
2 29 -0.1898766600425028
2 30 2.9028727364340043
2 31 5.805745472868009
2 32 -1.7510042563616655
2 33 -3.502008512723331
2 34 -0.037383030240361464
2 35 -0.07476606048072293
2 36 0.34530040281854935
2 37 0.6906008056370987
2 38 -3.0343802621976206
2 39 -6.068760524395241
3 38.30657161575979
3 4 -0.39110317520716875
3 5 -0.7822063504143375
3 6 -3.009252389998747
3 7 -6.018504779997494
3 8 2.106392656075987
3 9 4.212785312151974
3 10 -4.382759611858338
3 11 -8.765519223716677
3 12 2.3751359439796325
3 13 4.750271887959265
3 14 1.763895880331503
3 15 3.527791760663006
3 16 -1.7275188811427986
3 17 -3.4550377622855972
3 18 -3.020466572213767
3 19 -6.040933144427534
3 20 -5.689268882169828
3 21 -11.378537764339656
3 22 0.27822181925401435
3 23 0.5564436385080287
3 24 -1.7660444737293717
3 25 -3.5320889474587434
3 26 -1.7506428137750842
3 27 -3.5012856275501685
3 28 -0.1898766600425028
3 29 -0.3797533200850056
3 30 5.805745472868009
3 31 11.611490945736017
3 32 -3.502008512723331
3 33 -7.004017025446662
3 34 -0.07476606048072293
3 35 -0.14953212096144586
3 36 0.6906008056370987
3 37 1.3812016112741974
3 38 -6.068760524395241
3 39 -12.137521048790482
4 -17.266161477102816
4 5 13.269558816663631
4 6 1.942890293094024e-16
4 7 3.885780586188048e-16
4 8 2.262917379733799
4 9 4.525834759467598
4 10 0.09041669977224095
4 11 0.1808333995444819
4 12 -0.8653855816731635
4 13 -1.730771163346327
4 14 -1.115934939800452
4 15 -2.231869879600904
4 16 0.10440268569012412
4 17 0.20880537138024824
4 18 1.5732434373193733
4 19 3.1464868746387467
4 20 -0.9416673606401158
4 21 -1.8833347212802316
4 22 -0.7820712923064521
4 23 -1.5641425846129042
4 24 -0.9672970455225103
4 25 -1.9345940910450206
4 26 2.1478075652971387
4 27 4.295615130594277
4 28 0.19120466668511799
4 29 0.38240933337023597
4 30 -0.8456627084487522
4 31 -1.6913254168975045
4 32 0.6170483731768736
4 33 1.234096746353747
4 34 2.018837168153545
4 35 4.03767433630709
4 36 0.1461662744569487
4 37 0.2923325489138974
4 38 -0.09709552000953359
4 39 -0.19419104001906717
5 -27.897543545873816
5 6 3.885780586188048e-16
5 7 7.771561172376096e-16
5 8 4.525834759467598
5 9 9.051669518935196
5 10 0.1808333995444819
5 11 0.3616667990889638
5 12 -1.730771163346327
5 13 -3.461542326692654
5 14 -2.231869879600904
5 15 -4.463739759201808
5 16 0.20880537138024824
5 17 0.4176107427604965
5 18 3.1464868746387467
5 19 6.292973749277493
5 20 -1.8833347212802316
5 21 -3.766669442560463
5 22 -1.5641425846129042
5 23 -3.1282851692258085
5 24 -1.9345940910450206
5 25 -3.869188182090041
5 26 4.295615130594277
5 27 8.591230261188555
5 28 0.38240933337023597
5 29 0.7648186667404719
5 30 -1.6913254168975045
5 31 -3.382650833795009
5 32 1.234096746353747
5 33 2.468193492707494
5 34 4.03767433630709
5 35 8.07534867261418
5 36 0.2923325489138974
5 37 0.5846650978277949
5 38 -0.19419104001906717
5 39 -0.38838208003813435
6 8.853250899827039
6 7 13.269558816663633
6 8 -0.09041669977224075
6 9 -0.1808333995444815
6 10 2.2629173797337985
6 11 4.525834759467597
6 12 1.1159349398004526
6 13 2.231869879600905
6 14 -0.8653855816731635
6 15 -1.730771163346327
6 16 -1.5732434373193733
6 17 -3.1464868746387467
6 18 0.10440268569012409
6 19 0.20880537138024818
6 20 0.7820712923064519
6 21 1.5641425846129038
6 22 -0.9416673606401158
6 23 -1.8833347212802316
6 24 -2.147807565297139
6 25 -4.295615130594278
6 26 -0.9672970455225104
6 27 -1.9345940910450208
6 28 0.8456627084487522
6 29 1.6913254168975045
6 30 0.19120466668511793
6 31 0.38240933337023586
6 32 -2.018837168153545
6 33 -4.03767433630709
6 34 0.6170483731768736
6 35 1.234096746353747
6 36 0.09709552000953359
6 37 0.19419104001906717
6 38 0.14616627445694888
6 39 0.29233254891389776
7 24.341281207985894
7 8 -0.1808333995444815
7 9 -0.361666799088963
7 10 4.525834759467597
7 11 9.051669518935194
7 12 2.231869879600905
7 13 4.46373975920181
7 14 -1.730771163346327
7 15 -3.461542326692654
7 16 -3.1464868746387467
7 17 -6.292973749277493
7 18 0.20880537138024818
7 19 0.41761074276049637
7 20 1.5641425846129038
7 21 3.1282851692258076
7 22 -1.8833347212802316
7 23 -3.766669442560463
7 24 -4.295615130594278
7 25 -8.591230261188556
7 26 -1.9345940910450208
7 27 -3.8691881820900416
7 28 1.6913254168975045
7 29 3.382650833795009
7 30 0.38240933337023586
7 31 0.7648186667404717
7 32 -4.03767433630709
7 33 -8.07534867261418
7 34 1.234096746353747
7 35 2.468193492707494
7 36 0.19419104001906717
7 37 0.38838208003813435
7 38 0.29233254891389776
7 39 0.5846650978277955
8 8.469694431940235
8 9 14.453850074085818
8 10 6.661338147750939e-16
8 11 1.3322676295501878e-15
8 12 1.3773029498001148
8 13 2.7546058996002296
8 14 -2.0788499303659904
8 15 -4.157699860731981
8 16 0.6566591713984591
8 17 1.3133183427969182
8 18 0.10886796150388145
8 19 0.2177359230077629
8 20 -2.493145669282675
8 21 -4.98629133856535
8 22 -0.729157112947405
8 23 -1.45831422589481
8 24 -0.6438513805243476
8 25 -1.2877027610486953
8 26 0.7821745679535849
8 27 1.5643491359071697
8 28 -0.831139613836154
8 29 -1.662279227672308
8 30 -1.1163307702224563
8 31 -2.2326615404449126
8 32 -1.9770339202791565
8 33 -3.954067840558313
8 34 0.9907016042047099
8 35 1.9814032084094197
8 36 -1.3733323716201915
8 37 -2.746664743240383
8 38 -0.794282149851547
8 39 -1.588564299703094
9 24.166313900923377
9 10 1.3322676295501878e-15
9 11 2.6645352591003757e-15
9 12 2.7546058996002296
9 13 5.509211799200459
9 14 -4.157699860731981
9 15 -8.315399721463962
9 16 1.3133183427969182
9 17 2.6266366855938363
9 18 0.2177359230077629
9 19 0.4354718460155258
9 20 -4.98629133856535
9 21 -9.9725826771307
9 22 -1.45831422589481
9 23 -2.91662845178962
9 24 -1.2877027610486953
9 25 -2.5754055220973906
9 26 1.5643491359071697
9 27 3.1286982718143395
9 28 -1.662279227672308
9 29 -3.324558455344616
9 30 -2.2326615404449126
9 31 -4.465323080889825
9 32 -3.954067840558313
9 33 -7.908135681116626
9 34 1.9814032084094197
9 35 3.9628064168188395
9 36 -2.746664743240383
9 37 -5.493329486480766
9 38 -1.588564299703094
9 39 -3.177128599406188
10 1.5540056107362292
10 11 14.453850074085818
10 12 2.0788499303659904
10 13 4.157699860731981
10 14 1.3773029498001144
10 15 2.7546058996002287
10 16 -0.108867961503881
10 17 -0.217735923007762
10 18 0.656659171398459
10 19 1.313318342796918
10 20 0.7291571129474046
10 21 1.4583142258948092
10 22 -2.493145669282675
10 23 -4.98629133856535
10 24 -0.782174567953585
10 25 -1.56434913590717
10 26 -0.6438513805243479
10 27 -1.2877027610486957
10 28 1.116330770222456
10 29 2.232661540444912
10 30 -0.831139613836154
10 31 -1.662279227672308
10 32 -0.9907016042047099
10 33 -1.9814032084094197
10 34 -1.9770339202791563
10 35 -3.9540678405583125
10 36 0.7942821498515464
10 37 1.5885642997030929
10 38 -1.3733323716201913
10 39 -2.7466647432403826
11 10.334936258515368
11 12 4.157699860731981
11 13 8.315399721463962
11 14 2.7546058996002287
11 15 5.5092117992004574
11 16 -0.217735923007762
11 17 -0.435471846015524
11 18 1.313318342796918
11 19 2.626636685593836
11 20 1.4583142258948092
11 21 2.9166284517896184
11 22 -4.98629133856535
11 23 -9.9725826771307
11 24 -1.56434913590717
11 25 -3.12869827181434
11 26 -1.2877027610486957
11 27 -2.5754055220973915
11 28 2.232661540444912
11 29 4.465323080889824
11 30 -1.662279227672308
11 31 -3.324558455344616
11 32 -1.9814032084094197
11 33 -3.9628064168188395
11 34 -3.9540678405583125
11 35 -7.908135681116625
11 36 1.5885642997030929
11 37 3.1771285994061857
11 38 -2.7466647432403826
11 39 -5.493329486480765
12 -9.389255426837412
12 13 30.41010004737568
12 14 6.661338147750939e-16
12 15 1.3322676295501878e-15
12 16 0.3185552131442638
12 17 0.6371104262885277
12 18 4.486470835840487
12 19 8.972941671680974
12 20 0.06589358871642936
12 21 0.13178717743285873
12 22 -1.5860077896887363
12 23 -3.1720155793774727
12 24 0.1416630555440545
12 25 0.283326111088109
12 26 -2.1031607469254836
12 27 -4.206321493850967
12 28 -2.027298981203858
12 29 -4.054597962407716
12 30 -1.66658970008512
12 31 -3.33317940017024
12 32 -3.4327776758487056
12 33 -6.865555351697411
12 34 -0.17669966378191315
12 35 -0.3533993275638263
12 36 1.4529534355489968
12 37 2.9059068710979936
12 38 -0.030596314747822317
12 39 -0.061192629495644635
13 -3.5734608299869883
13 14 1.3322676295501878e-15
13 15 2.6645352591003757e-15
13 16 0.6371104262885277
13 17 1.2742208525770553
13 18 8.972941671680974
13 19 17.94588334336195
13 20 0.13178717743285873
13 21 0.26357435486571745
13 22 -3.1720155793774727
13 23 -6.344031158754945
13 24 0.283326111088109
13 25 0.566652222176218
13 26 -4.206321493850967
13 27 -8.412642987701934
13 28 -4.054597962407716
13 29 -8.109195924815433
13 30 -3.33317940017024
13 31 -6.66635880034048
13 32 -6.865555351697411
13 33 -13.731110703394823
13 34 -0.3533993275638263
13 35 -0.7067986551276526
13 36 2.9059068710979936
13 37 5.811813742195987
13 38 -0.061192629495644635
13 39 -0.12238525899128927
14 -21.767892735222507
14 15 30.41010004737568
14 16 -4.486470835840487
14 17 -8.972941671680974
14 18 0.3185552131442639
14 19 0.6371104262885278
14 20 1.5860077896887363
14 21 3.1720155793774727
14 22 0.06589358871642936
14 23 0.13178717743285873
14 24 2.1031607469254836
14 25 4.206321493850967
14 26 0.14166305554405434
14 27 0.2833261110881087
14 28 1.6665897000851195
14 29 3.333179400170239
14 30 -2.0272989812038587
14 31 -4.054597962407717
14 32 0.17669966378191293
14 33 0.35339932756382586
14 34 -3.4327776758487056
14 35 -6.865555351697411
14 36 0.03059631474782265
14 37 0.0611926294956453
14 38 1.4529534355489973
14 39 2.9059068710979945
15 -28.330735446757178
15 16 -8.972941671680974
15 17 -17.94588334336195
15 18 0.6371104262885278
15 19 1.2742208525770555
15 20 3.1720155793774727
15 21 6.344031158754945
15 22 0.13178717743285873
15 23 0.26357435486571745
15 24 4.206321493850967
15 25 8.412642987701934
15 26 0.2833261110881087
15 27 0.5666522221762174
15 28 3.333179400170239
15 29 6.666358800340478
15 30 -4.054597962407717
15 31 -8.109195924815435
15 32 0.35339932756382586
15 33 0.7067986551276517
15 34 -6.865555351697411
15 35 -13.731110703394823
15 36 0.0611926294956453
15 37 0.1223852589912906
15 38 2.9059068710979945
15 39 5.811813742195989
16 7.370864932741066
16 17 7.550501944879592
16 18 2.0122792321330962e-16
16 19 4.0245584642661925e-16
16 20 -1.2992268518989318
16 21 -2.5984537037978637
16 22 0.10045906198996823
16 23 0.20091812397993647
16 24 1.0566240792702728
16 25 2.1132481585405456
16 26 0.3271917434549868
16 27 0.6543834869099736
16 28 -0.49756493725958617
16 29 -0.9951298745191723
16 30 -0.732155966029352
16 31 -1.464311932058704
16 32 0.48410355114311604
16 33 0.9682071022862321
16 34 -1.3957702393748246
16 35 -2.791540478749649
16 36 -0.5230982021827308
16 37 -1.0461964043654617
16 38 -1.322184560482572
16 39 -2.644369120965144
17 18.516980837921928
17 18 4.0245584642661925e-16
17 19 8.049116928532385e-16
17 20 -2.5984537037978637
17 21 -5.196907407595727
17 22 0.20091812397993647
17 23 0.40183624795987294
17 24 2.1132481585405456
17 25 4.226496317081091
17 26 0.6543834869099736
17 27 1.3087669738199472
17 28 -0.9951298745191723
17 29 -1.9902597490383447
17 30 -1.464311932058704
17 31 -2.928623864117408
17 32 0.9682071022862321
17 33 1.9364142045724642
17 34 -2.791540478749649
17 35 -5.583080957499298
17 36 -1.0461964043654617
17 37 -2.0923928087309234
17 38 -2.644369120965144
17 39 -5.288738241930288
18 -18.91764196639168
18 19 7.550501944879592
18 20 -0.10045906198996835
18 21 -0.2009181239799367
18 22 -1.2992268518989316
18 23 -2.5984537037978632
18 24 -0.3271917434549866
18 25 -0.6543834869099732
18 26 1.0566240792702728
18 27 2.1132481585405456
18 28 0.732155966029352
18 29 1.464311932058704
18 30 -0.49756493725958617
18 31 -0.9951298745191723
18 32 1.3957702393748246
18 33 2.791540478749649
18 34 0.4841035511431162
18 35 0.9682071022862324
18 36 1.322184560482572
18 37 2.644369120965144
18 38 -0.5230982021827307
18 39 -1.0461964043654615
19 -34.06003296034357
19 20 -0.2009181239799367
19 21 -0.4018362479598734
19 22 -2.5984537037978632
19 23 -5.1969074075957264
19 24 -0.6543834869099732
19 25 -1.3087669738199463
19 26 2.1132481585405456
19 27 4.226496317081091
19 28 1.464311932058704
19 29 2.928623864117408
19 30 -0.9951298745191723
19 31 -1.9902597490383447
19 32 2.791540478749649
19 33 5.583080957499298
19 34 0.9682071022862324
19 35 1.9364142045724648
19 36 2.644369120965144
19 37 5.288738241930288
19 38 -1.0461964043654615
19 39 -2.092392808730923
20 -1.730765746443387
20 21 8.198436362238876
20 22 2.220446049250313e-16
20 23 4.440892098500626e-16
20 24 0.41473321175988637
20 25 0.8294664235197727
20 26 -1.1560505703421342
20 27 -2.3121011406842684
20 28 0.2714033605979236
20 29 0.5428067211958472
20 30 0.5678985258234173
20 31 1.1357970516468345
20 32 -0.9219639551408527
20 33 -1.8439279102817054
20 34 0.29538860784665905
20 35 0.5907772156933181
20 36 0.193522534849245
20 37 0.38704506969849
20 38 2.953264863576865
20 39 5.90652972715373
21 0.6376866882326642
21 22 4.440892098500626e-16
21 23 8.881784197001252e-16
21 24 0.8294664235197727
21 25 1.6589328470395455
21 26 -2.3121011406842684
21 27 -4.624202281368537
21 28 0.5428067211958472
21 29 1.0856134423916943
21 30 1.1357970516468345
21 31 2.271594103293669
21 32 -1.8439279102817054
21 33 -3.687855820563411
21 34 0.5907772156933181
21 35 1.1815544313866362
21 36 0.38704506969849
21 37 0.77409013939698
21 38 5.90652972715373
21 39 11.81305945430746
22 4.928594179270353
22 23 8.198436362238876
22 24 1.1560505703421342
22 25 2.3121011406842684
22 26 0.41473321175988637
22 27 0.8294664235197727
22 28 -0.567898525823417
22 29 -1.135797051646834
22 30 0.27140336059792375
22 31 0.5428067211958475
22 32 -0.29538860784665877
22 33 -0.5907772156933175
22 34 -0.9219639551408528
22 35 -1.8439279102817057
22 36 -2.953264863576865
22 37 -5.90652972715373
22 38 0.1935225348492445
22 39 0.387045069698489
23 13.956406539660144
23 24 2.3121011406842684
23 25 4.624202281368537
23 26 0.8294664235197727
23 27 1.6589328470395455
23 28 -1.135797051646834
23 29 -2.271594103293668
23 30 0.5428067211958475
23 31 1.085613442391695
23 32 -0.5907772156933175
23 33 -1.181554431386635
23 34 -1.8439279102817057
23 35 -3.6878558205634113
23 36 -5.90652972715373
23 37 -11.81305945430746
23 38 0.387045069698489
23 39 0.774090139396978
24 0.05323680710822076
24 25 9.544297083300647
24 26 2.498001805406602e-16
24 27 4.996003610813204e-16
24 28 -1.154037937805906
24 29 -2.308075875611812
24 30 -2.5627041206914583
24 31 -5.1254082413829165
24 32 0.004224720732558501
24 33 0.008449441465117002
24 34 -1.4820160099754913
24 35 -2.9640320199509826
24 36 -2.0894073821635115
24 37 -4.178814764327023
24 38 -0.8250634190121489
24 39 -1.6501268380242977
25 4.878622155866765
25 26 4.996003610813204e-16
25 27 9.992007221626409e-16
25 28 -2.308075875611812
25 29 -4.616151751223624
25 30 -5.1254082413829165
25 31 -10.250816482765833
25 32 0.008449441465117002
25 33 0.016898882930234005
25 34 -2.9640320199509826
25 35 -5.928064039901965
25 36 -4.178814764327023
25 37 -8.357629528654046
25 38 -1.6501268380242977
25 39 -3.3002536760485954
26 -8.028922850626518
26 27 9.544297083300647
26 28 2.5627041206914583
26 29 5.1254082413829165
26 30 -1.154037937805906
26 31 -2.308075875611812
26 32 1.4820160099754915
26 33 2.964032019950983
26 34 0.004224720732558501
26 35 0.008449441465117002
26 36 0.8250634190121487
26 37 1.6501268380242975
26 38 -2.089407382163512
26 39 -4.178814764327024
27 -11.285697159602714
27 28 5.1254082413829165
27 29 10.250816482765833
27 30 -2.308075875611812
27 31 -4.616151751223624
27 32 2.964032019950983
27 33 5.928064039901966
27 34 0.008449441465117002
27 35 0.016898882930234005
27 36 1.6501268380242975
27 37 3.300253676048595
27 38 -4.178814764327024
27 39 -8.357629528654048
28 -1.4741449397269353
28 29 13.21609558762015
28 30 9.71445146547012e-17
28 31 1.942890293094024e-16
28 32 -0.1657008869543672
28 33 -0.3314017739087344
28 34 -0.7747243050092955
28 35 -1.549448610018591
28 36 0.35948589824730104
28 37 0.7189717964946021
28 38 -1.981912348827827
28 39 -3.963824697655654
29 3.659757914356204
29 30 1.942890293094024e-16
29 31 3.885780586188048e-16
29 32 -0.3314017739087344
29 33 -0.6628035478174688
29 34 -1.549448610018591
29 35 -3.098897220037182
29 36 0.7189717964946021
29 37 1.4379435929892042
29 38 -3.963824697655654
29 39 -7.927649395311308
30 6.925264856452504
30 31 13.21609558762015
30 32 0.7747243050092955
30 33 1.549448610018591
30 34 -0.16570088695436724
30 35 -0.3314017739087345
30 36 1.981912348827827
30 37 3.963824697655654
30 38 0.35948589824730093
30 39 0.7189717964946019
31 20.45857750671508
31 32 1.549448610018591
31 33 3.098897220037182
31 34 -0.3314017739087345
31 35 -0.662803547817469
31 36 3.963824697655654
31 37 7.927649395311308
31 38 0.7189717964946019
31 39 1.4379435929892037
32 -13.448557297373421
32 33 18.522080322923593
32 34 4.440892098500626e-16
32 35 8.881784197001252e-16
32 36 -0.41526057027040275
32 37 -0.8305211405408055
32 38 -0.13155102966213467
32 39 -0.26310205932426933
33 -17.636074433285046
33 34 8.881784197001252e-16
33 35 1.7763568394002505e-15
33 36 -0.8305211405408055
33 37 -1.661042281081611
33 38 -0.26310205932426933
33 39 -0.5262041186485387
34 15.372879074703127
34 35 18.522080322923593
34 36 0.1315510296621344
34 37 0.2631020593242688
34 38 -0.41526057027040264
34 39 -0.8305211405408053
35 40.00679831086805
35 36 0.2631020593242688
35 37 0.5262041186485376
35 38 -0.8305211405408053
35 39 -1.6610422810816106
36 -1.280763991862186
36 37 13.136643761469308
36 38 2.220446049250313e-16
36 39 4.440892098500626e-16
37 4.006793897010281
37 38 4.440892098500626e-16
37 39 8.881784197001252e-16
38 -5.171771191688608
38 39 13.136643761469308
39 -3.775220502642563
