40
1100111011000101001101001111110110110001
0 35.93382890730497
0 1 13.707660236975428
0 2 3.3306690738754696e-16
0 3 6.661338147750939e-16
0 4 -2.8282427084310147
0 5 -5.656485416862029
0 6 -1.5940887338512113
0 7 -3.1881774677024226
0 8 0.6196616047316681
0 9 1.2393232094633362
0 10 -2.779785968466296
0 11 -5.559571936932592
0 12 -1.4524915023666716
0 13 -2.904983004733343
0 14 0.18011861976193488
0 15 0.36023723952386977
0 16 -0.919412055114002
0 17 -1.838824110228004
0 18 -1.8874100596470904
0 19 -3.774820119294181
0 20 -0.8138363798698665
0 21 -1.627672759739733
0 22 1.5160048793585144
0 23 3.0320097587170287
0 24 -0.8607825120101256
0 25 -1.7215650240202511
0 26 -1.6003657915958556
0 27 -3.200731583191711
0 28 0.9082253511619831
0 29 1.8164507023239662
0 30 0.09433699149492736
0 31 0.18867398298985472
0 32 -0.29242216546959565
0 33 -0.5848443309391913
0 34 1.870037691079024
0 35 3.740075382158048
0 36 -1.0279343937156926
0 37 -2.0558687874313852
0 38 -3.3783337453210267
0 39 -6.756667490642053
1 78.72148793309766
1 2 6.661338147750939e-16
1 3 1.3322676295501878e-15
1 4 -5.656485416862029
1 5 -11.312970833724059
1 6 -3.1881774677024226
1 7 -6.376354935404845
1 8 1.2393232094633362
1 9 2.4786464189266724
1 10 -5.559571936932592
1 11 -11.119143873865184
1 12 -2.904983004733343
1 13 -5.809966009466686
1 14 0.36023723952386977
1 15 0.7204744790477395
1 16 -1.838824110228004
1 17 -3.677648220456008
1 18 -3.774820119294181
1 19 -7.549640238588362
1 20 -1.627672759739733
1 21 -3.255345519479466
1 22 3.0320097587170287
1 23 6.064019517434057
1 24 -1.7215650240202511
1 25 -3.4431300480405023
1 26 -3.200731583191711
1 27 -6.401463166383422
1 28 1.8164507023239662
1 29 3.6329014046479324
1 30 0.18867398298985472
1 31 0.37734796597970943
1 32 -0.5848443309391913
1 33 -1.1696886618783826
1 34 3.740075382158048
1 35 7.480150764316096
1 36 -2.0558687874313852
1 37 -4.1117375748627705
1 38 -6.756667490642053
1 39 -13.513334981284107
2 -2.0292981166845516
2 3 13.707660236975428
2 4 1.594088733851211
2 5 3.188177467702422
2 6 -2.8282427084310147
2 7 -5.656485416862029
2 8 2.779785968466296
2 9 5.559571936932592
2 10 0.619661604731668
2 11 1.239323209463336
2 12 -0.1801186197619351
2 13 -0.3602372395238702
2 14 -1.4524915023666718
2 15 -2.9049830047333436
2 16 1.88741005964709
2 17 3.77482011929418
2 18 -0.919412055114002
2 19 -1.838824110228004
2 20 -1.5160048793585148
2 21 -3.0320097587170296
2 22 -0.8138363798698665
2 23 -1.627672759739733
2 24 1.6003657915958556
2 25 3.200731583191711
2 26 -0.8607825120101256
2 27 -1.7215650240202511
2 28 -0.09433699149492736
2 29 -0.18867398298985472
2 30 0.9082253511619831
2 31 1.8164507023239662
2 32 -1.8700376910790237
2 33 -3.7400753821580475
2 34 -0.29242216546959565
2 35 -0.5848443309391913
2 36 3.3783337453210263
2 37 6.7566674906420525
2 38 -1.0279343937156926
2 39 -2.0558687874313852
3 2.795233885118611
3 4 3.188177467702422
3 5 6.376354935404844
3 6 -5.656485416862029
3 7 -11.312970833724059
3 8 5.559571936932592
3 9 11.119143873865184
3 10 1.239323209463336
3 11 2.478646418926672
3 12 -0.3602372395238702
3 13 -0.7204744790477404
3 14 -2.9049830047333436
3 15 -5.809966009466687
3 16 3.77482011929418
3 17 7.54964023858836
3 18 -1.838824110228004
3 19 -3.677648220456008
3 20 -3.0320097587170296
3 21 -6.064019517434059
3 22 -1.627672759739733
3 23 -3.255345519479466
3 24 3.200731583191711
3 25 6.401463166383422
3 26 -1.7215650240202511
3 27 -3.4431300480405023
3 28 -0.18867398298985472
3 29 -0.37734796597970943
3 30 1.8164507023239662
3 31 3.6329014046479324
3 32 -3.7400753821580475
3 33 -7.480150764316095
3 34 -0.5848443309391913
3 35 -1.1696886618783826
3 36 6.7566674906420525
3 37 13.513334981284105
3 38 -2.0558687874313852
3 39 -4.1117375748627705
4 -37.07586429524084
4 5 17.548593432854453
4 6 2.220446049250313e-16
4 7 4.440892098500626e-16
4 8 2.9718911671450003
4 9 5.943782334290001
4 10 -0.8946909203326582
4 11 -1.7893818406653164
4 12 0.5265135885188479
4 13 1.0530271770376958
4 14 0.1761102233582118
4 15 0.3522204467164236
4 16 2.791860687375909
4 17 5.583721374751818
4 18 0.5973499577361172
4 19 1.1946999154722344
4 20 -0.9503345071834388
4 21 -1.9006690143668776
4 22 -2.634060693273593
4 23 -5.268121386547186
4 24 2.3772027958448643
4 25 4.7544055916897285
4 26 0.17871707257291902
4 27 0.35743414514583804
4 28 2.8265813615726496
4 29 5.653162723145299
4 30 -0.21282323283096038
4 31 -0.42564646566192077
4 32 0.43022857979723983
4 33 0.8604571595944797
4 34 2.4591271143464644
4 35 4.918254228692929
4 36 2.1979858993492534
4 37 4.395971798698507
4 38 0.19271978861666772
4 39 0.38543957723333544
5 -65.37743187405445
5 6 4.440892098500626e-16
5 7 8.881784197001252e-16
5 8 5.943782334290001
5 9 11.887564668580001
5 10 -1.7893818406653164
5 11 -3.5787636813306327
5 12 1.0530271770376958
5 13 2.1060543540753915
5 14 0.3522204467164236
5 15 0.7044408934328472
5 16 5.583721374751818
5 17 11.167442749503635
5 18 1.1946999154722344
5 19 2.389399830944469
5 20 -1.9006690143668776
5 21 -3.8013380287337553
5 22 -5.268121386547186
5 23 -10.536242773094372
5 24 4.7544055916897285
5 25 9.508811183379457
5 26 0.35743414514583804
5 27 0.7148682902916761
5 28 5.653162723145299
5 29 11.306325446290598
5 30 -0.42564646566192077
5 31 -0.8512929313238415
5 32 0.8604571595944797
5 33 1.7209143191889593
5 34 4.918254228692929
5 35 9.836508457385857
5 36 4.395971798698507
5 37 8.791943597397013
5 38 0.38543957723333544
5 39 0.7708791544666709
6 -17.444941284830385
6 7 17.548593432854453
6 8 0.8946909203326584
6 9 1.7893818406653168
6 10 2.9718911671450003
6 11 5.943782334290001
6 12 -0.1761102233582118
6 13 -0.3522204467164236
6 14 0.5265135885188483
6 15 1.0530271770376967
6 16 -0.5973499577361168
6 17 -1.1946999154722335
6 18 2.791860687375909
6 19 5.583721374751818
6 20 2.634060693273593
6 21 5.268121386547186
6 22 -0.9503345071834387
6 23 -1.9006690143668774
6 24 -0.17871707257291902
6 25 -0.35743414514583804
6 26 2.377202795844865
6 27 4.75440559168973
6 28 0.2128232328309606
6 29 0.4256464656619212
6 30 2.826581361572649
6 31 5.653162723145298
6 32 -2.4591271143464644
6 33 -4.918254228692929
6 34 0.4302285797972396
6 35 0.8604571595944792
6 36 -0.19271978861666755
6 37 -0.3854395772333351
6 38 2.1979858993492534
6 39 4.395971798698507
7 -26.115585853233547
7 8 1.7893818406653168
7 9 3.5787636813306336
7 10 5.943782334290001
7 11 11.887564668580001
7 12 -0.3522204467164236
7 13 -0.7044408934328472
7 14 1.0530271770376967
7 15 2.1060543540753933
7 16 -1.1946999154722335
7 17 -2.389399830944467
7 18 5.583721374751818
7 19 11.167442749503635
7 20 5.268121386547186
7 21 10.536242773094372
7 22 -1.9006690143668774
7 23 -3.801338028733755
7 24 -0.35743414514583804
7 25 -0.7148682902916761
7 26 4.75440559168973
7 27 9.50881118337946
7 28 0.4256464656619212
7 29 0.8512929313238424
7 30 5.653162723145298
7 31 11.306325446290597
7 32 -4.918254228692929
7 33 -9.836508457385857
7 34 0.8604571595944792
7 35 1.7209143191889584
7 36 -0.3854395772333351
7 37 -0.7708791544666702
7 38 4.395971798698507
7 39 8.791943597397013
8 3.5201716255889854
8 9 15.981045421980104
8 10 5.551115123125783e-16
8 11 1.1102230246251565e-15
8 12 -2.518393895142919
8 13 -5.036787790285838
8 14 -0.26471077049741715
8 15 -0.5294215409948343
8 16 -1.4336251338059112
8 17 -2.8672502676118223
8 18 1.086980265390815
8 19 2.17396053078163
8 20 -1.9608481987398023
8 21 -3.9216963974796046
8 22 -1.8809040854325714
8 23 -3.7618081708651427
8 24 -0.5454210955507264
8 25 -1.0908421911014528
8 26 -2.050492145115029
8 27 -4.100984290230058
8 28 0.3898671254962062
8 29 0.7797342509924124
8 30 1.723690108174758
8 31 3.447380216349516
8 32 -2.4051225294495797
8 33 -4.810245058899159
8 34 0.7248366447813329
8 35 1.4496732895626658
8 36 4.175494411089864
8 37 8.350988822179728
8 38 -1.4078001168535268
8 39 -2.8156002337070536
9 15.030865962168022
9 10 1.1102230246251565e-15
9 11 2.220446049250313e-15
9 12 -5.036787790285838
9 13 -10.073575580571676
9 14 -0.5294215409948343
9 15 -1.0588430819896686
9 16 -2.8672502676118223
9 17 -5.734500535223645
9 18 2.17396053078163
9 19 4.34792106156326
9 20 -3.9216963974796046
9 21 -7.843392794959209
9 22 -3.7618081708651427
9 23 -7.5236163417302855
9 24 -1.0908421911014528
9 25 -2.1816843822029055
9 26 -4.100984290230058
9 27 -8.201968580460116
9 28 0.7797342509924124
9 29 1.559468501984825
9 30 3.447380216349516
9 31 6.894760432699032
9 32 -4.810245058899159
9 33 -9.620490117798319
9 34 1.4496732895626658
9 35 2.8993465791253317
9 36 8.350988822179728
9 37 16.701977644359456
9 38 -2.8156002337070536
9 39 -5.631200467414107
10 -4.544744335048586
10 11 15.981045421980104
10 12 0.264710770497417
10 13 0.529421540994834
10 14 -2.5183938951429186
10 15 -5.036787790285837
10 16 -1.0869802653908152
10 17 -2.1739605307816303
10 18 -1.4336251338059114
10 19 -2.867250267611823
10 20 1.8809040854325714
10 21 3.7618081708651427
10 22 -1.960848198739802
10 23 -3.921696397479604
10 24 2.050492145115029
10 25 4.100984290230058
10 26 -0.545421095550726
10 27 -1.090842191101452
10 28 -1.7236901081747575
10 29 -3.447380216349515
10 30 0.389867125496206
10 31 0.779734250992412
10 32 -0.724836644781333
10 33 -1.449673289562666
10 34 -2.4051225294495797
10 35 -4.810245058899159
10 36 1.407800116853527
10 37 2.815600233707054
10 38 4.175494411089864
10 39 8.350988822179728
11 -1.0989659591071206
11 12 0.529421540994834
11 13 1.058843081989668
11 14 -5.036787790285837
11 15 -10.073575580571674
11 16 -2.1739605307816303
11 17 -4.347921061563261
11 18 -2.867250267611823
11 19 -5.734500535223646
11 20 3.7618081708651427
11 21 7.5236163417302855
11 22 -3.921696397479604
11 23 -7.843392794959208
11 24 4.100984290230058
11 25 8.201968580460116
11 26 -1.090842191101452
11 27 -2.181684382202904
11 28 -3.447380216349515
11 29 -6.89476043269903
11 30 0.779734250992412
11 31 1.559468501984824
11 32 -1.449673289562666
11 33 -2.899346579125332
11 34 -4.810245058899159
11 35 -9.620490117798319
11 36 2.815600233707054
11 37 5.631200467414108
11 38 8.350988822179728
11 39 16.701977644359456
12 -10.658500154376526
12 13 18.47440735064869
12 14 3.2612801348363973e-16
12 15 6.522560269672795e-16
12 16 -0.4864102973240997
12 17 -0.9728205946481994
12 18 2.1475550735380793
12 19 4.295110147076159
12 20 -0.3465496440491307
12 21 -0.6930992880982614
12 22 -0.7908912095914763
12 23 -1.5817824191829526
12 24 2.3936800376026923
12 25 4.787360075205385
12 26 -1.1677460110845101
12 27 -2.3354920221690203
12 28 -0.1360214303214513
12 29 -0.2720428606429026
12 30 -1.8793092648245726
12 31 -3.7586185296491452
12 32 -0.6521882226395366
12 33 -1.3043764452790731
12 34 1.0030256102163413
12 35 2.0060512204326826
12 36 -0.19848890145401094
12 37 -0.39697780290802187
12 38 0.2770122521678528
12 39 0.5540245043357056
13 -12.079796633428707
13 14 6.522560269672795e-16
13 15 1.304512053934559e-15
13 16 -0.9728205946481994
13 17 -1.9456411892963987
13 18 4.295110147076159
13 19 8.590220294152317
13 20 -0.6930992880982614
13 21 -1.3861985761965228
13 22 -1.5817824191829526
13 23 -3.163564838365905
13 24 4.787360075205385
13 25 9.57472015041077
13 26 -2.3354920221690203
13 27 -4.670984044338041
13 28 -0.2720428606429026
13 29 -0.5440857212858052
13 30 -3.7586185296491452
13 31 -7.5172370592982904
13 32 -1.3043764452790731
13 33 -2.6087528905581463
13 34 2.0060512204326826
13 35 4.012102440865365
13 36 -0.39697780290802187
13 37 -0.7939556058160437
13 38 0.5540245043357056
13 39 1.1080490086714112
14 -7.995615617550937
14 15 18.47440735064869
14 16 -2.14755507353808
14 17 -4.29511014707616
14 18 -0.4864102973240998
14 19 -0.9728205946481996
14 20 0.7908912095914762
14 21 1.5817824191829524
14 22 -0.34654964404913047
14 23 -0.6930992880982609
14 24 1.1677460110845104
14 25 2.3354920221690207
14 26 2.3936800376026923
14 27 4.787360075205385
14 28 1.8793092648245728
14 29 3.7586185296491457
14 30 -0.13602143032145153
14 31 -0.27204286064290306
14 32 -1.003025610216341
14 33 -2.006051220432682
14 34 -0.6521882226395365
14 35 -1.304376445279073
14 36 -0.2770122521678531
14 37 -0.5540245043357062
14 38 -0.19848890145401119
14 39 -0.39697780290802237
15 -6.75402755977753
15 16 -4.29511014707616
15 17 -8.59022029415232
15 18 -0.9728205946481996
15 19 -1.9456411892963992
15 20 1.5817824191829524
15 21 3.1635648383659047
15 22 -0.6930992880982609
15 23 -1.3861985761965219
15 24 2.3354920221690207
15 25 4.6709840443380415
15 26 4.787360075205385
15 27 9.57472015041077
15 28 3.7586185296491457
15 29 7.517237059298291
15 30 -0.27204286064290306
15 31 -0.5440857212858061
15 32 -2.006051220432682
15 33 -4.012102440865364
15 34 -1.304376445279073
15 35 -2.608752890558146
15 36 -0.5540245043357062
15 37 -1.1080490086714123
15 38 -0.39697780290802237
15 39 -0.7939556058160447
16 -25.597308739231067
16 17 19.552079481602306
16 18 5.551115123125783e-16
16 19 1.1102230246251565e-15
16 20 -1.3194741590025312
16 21 -2.6389483180050624
16 22 0.23988060336756956
16 23 0.4797612067351391
16 24 0.5799539039342577
16 25 1.1599078078685154
16 26 4.309092642164908
16 27 8.618185284329815
16 28 0.7395971134528021
16 29 1.4791942269056042
16 30 -1.3379586290246195
16 31 -2.675917258049239
16 32 -0.2894763201380144
16 33 -0.5789526402760288
16 34 3.584086096048166
16 35 7.168172192096332
16 36 1.138588014293443
16 37 2.277176028586886
16 38 0.31697997236668674
16 39 0.6339599447333735
17 -41.41857773766098
17 18 1.1102230246251565e-15
17 19 2.220446049250313e-15
17 20 -2.6389483180050624
17 21 -5.277896636010125
17 22 0.4797612067351391
17 23 0.9595224134702782
17 24 1.1599078078685154
17 25 2.319815615737031
17 26 8.618185284329815
17 27 17.23637056865963
17 28 1.4791942269056042
17 29 2.9583884538112084
17 30 -2.675917258049239
17 31 -5.351834516098478
17 32 -0.5789526402760288
17 33 -1.1579052805520575
17 34 7.168172192096332
17 35 14.336344384192664
17 36 2.277176028586886
17 37 4.554352057173772
17 38 0.6339599447333735
17 39 1.267919889466747
18 -15.168774301893329
18 19 19.552079481602306
18 20 -0.23988060336756958
18 21 -0.47976120673513917
18 22 -1.3194741590025312
18 23 -2.6389483180050624
18 24 -4.309092642164908
18 25 -8.618185284329815
18 26 0.5799539039342578
18 27 1.1599078078685157
18 28 1.3379586290246195
18 29 2.675917258049239
18 30 0.7395971134528023
18 31 1.4791942269056046
18 32 -3.584086096048166
18 33 -7.168172192096332
18 34 -0.2894763201380144
18 35 -0.5789526402760288
18 36 -0.31697997236668685
18 37 -0.6339599447333737
18 38 1.138588014293443
18 39 2.277176028586886
19 -20.561508862985505
19 20 -0.47976120673513917
19 21 -0.9595224134702783
19 22 -2.6389483180050624
19 23 -5.277896636010125
19 24 -8.618185284329815
19 25 -17.23637056865963
19 26 1.1599078078685157
19 27 2.3198156157370313
19 28 2.675917258049239
19 29 5.351834516098478
19 30 1.4791942269056046
19 31 2.9583884538112093
19 32 -7.168172192096332
19 33 -14.336344384192664
19 34 -0.5789526402760288
19 35 -1.1579052805520575
19 36 -0.6339599447333737
19 37 -1.2679198894667474
19 38 2.277176028586886
19 39 4.554352057173772
20 6.6133611418801355
20 21 9.135434918997198
20 22 2.220446049250313e-16
20 23 4.440892098500626e-16
20 24 -0.13377090474992848
20 25 -0.26754180949985695
20 26 -0.844522667279389
20 27 -1.689045334558778
20 28 -0.37455510804388614
20 29 -0.7491102160877723
20 30 1.434395288264922
20 31 2.868790576529844
20 32 -0.08602903755594955
20 33 -0.1720580751118991
20 34 -2.405107253700672
20 35 -4.810214507401344
20 36 -2.6386262088642076
20 37 -5.277252417728415
20 38 0.18448350993942042
20 39 0.36896701987884084
21 17.79443974325887
21 22 4.440892098500626e-16
21 23 8.881784197001252e-16
21 24 -0.26754180949985695
21 25 -0.5350836189997139
21 26 -1.689045334558778
21 27 -3.378090669117556
21 28 -0.7491102160877723
21 29 -1.4982204321755446
21 30 2.868790576529844
21 31 5.737581153059688
21 32 -0.1720580751118991
21 33 -0.3441161502237982
21 34 -4.810214507401344
21 35 -9.620429014802689
21 36 -5.277252417728415
21 37 -10.55450483545683
21 38 0.36896701987884084
21 39 0.7379340397576817
22 13.39828742387435
22 23 9.135434918997198
22 24 0.844522667279389
22 25 1.689045334558778
22 26 -0.13377090474992848
22 27 -0.26754180949985695
22 28 -1.434395288264922
22 29 -2.868790576529844
22 30 -0.37455510804388614
22 31 -0.7491102160877723
22 32 2.405107253700672
22 33 4.810214507401344
22 34 -0.08602903755594944
22 35 -0.17205807511189888
22 36 -0.18448350993942053
22 37 -0.36896701987884106
22 38 -2.638626208864208
22 39 -5.277252417728416
23 31.3642923072473
23 24 1.689045334558778
23 25 3.378090669117556
23 26 -0.26754180949985695
23 27 -0.5350836189997139
23 28 -2.868790576529844
23 29 -5.737581153059688
23 30 -0.7491102160877723
23 31 -1.4982204321755446
23 32 4.810214507401344
23 33 9.620429014802689
23 34 -0.17205807511189888
23 35 -0.34411615022379777
23 36 -0.36896701987884106
23 37 -0.7379340397576821
23 38 -5.277252417728416
23 39 -10.554504835456832
24 -26.44678901961838
24 25 15.879085870723571
24 26 2.220446049250313e-16
24 27 4.440892098500626e-16
24 28 -0.305342975983574
24 29 -0.610685951967148
24 30 -1.1320758089344838
24 31 -2.2641516178689676
24 32 3.3229134683288373
24 33 6.6458269366576745
24 34 0.9839897341174005
24 35 1.967979468234801
24 36 3.0227686645692438
24 37 6.0455373291384875
24 38 0.32940741552133684
24 39 0.6588148310426737
25 -44.95403510387497
25 26 4.440892098500626e-16
25 27 8.881784197001252e-16
25 28 -0.610685951967148
25 29 -1.221371903934296
25 30 -2.2641516178689676
25 31 -4.528303235737935
25 32 6.6458269366576745
25 33 13.291653873315349
25 34 1.967979468234801
25 35 3.935958936469602
25 36 6.0455373291384875
25 37 12.091074658276975
25 38 0.6588148310426737
25 39 1.3176296620853474
26 -26.97180440365267
26 27 15.87908587072357
26 28 1.1320758089344836
26 29 2.264151617868967
26 30 -0.30534297598357407
26 31 -0.6106859519671481
26 32 -0.9839897341174002
26 33 -1.9679794682348004
26 34 3.3229134683288373
26 35 6.6458269366576745
26 36 -0.3294074155213366
26 37 -0.6588148310426732
26 38 3.0227686645692433
26 39 6.045537329138487
27 -46.00406587194355
27 28 2.264151617868967
27 29 4.528303235737934
27 30 -0.6106859519671481
27 31 -1.2213719039342963
27 32 -1.9679794682348004
27 33 -3.935958936469601
27 34 6.6458269366576745
27 35 13.291653873315349
27 36 -0.6588148310426732
27 37 -1.3176296620853465
27 38 6.045537329138487
27 39 12.091074658276973
28 -11.40475410389326
28 29 7.259833251628519
28 30 2.7755575615628914e-16
28 31 5.551115123125783e-16
28 32 -1.5101160419615607
28 33 -3.0202320839231214
28 34 1.1291939535002466
28 35 2.2583879070004933
28 36 -0.3335721191410814
28 37 -0.6671442382821628
28 38 -0.26523996505143443
28 39 -0.5304799301028689
29 -19.17959158197226
29 30 5.551115123125783e-16
29 31 1.1102230246251565e-15
29 32 -3.0202320839231214
29 33 -6.040464167846243
29 34 2.2583879070004933
29 35 4.516775814000987
29 36 -0.6671442382821628
29 37 -1.3342884765643257
29 38 -0.5304799301028689
29 39 -1.0609598602057377
30 3.644952127215307
30 31 7.259833251628519
30 32 -1.1291939535002469
30 33 -2.2583879070004937
30 34 -1.5101160419615607
30 35 -3.0202320839231214
30 36 0.26523996505143455
30 37 0.5304799301028691
30 38 -0.33357211914108154
30 39 -0.6671442382821631
31 10.919820880244874
31 32 -2.2583879070004937
31 33 -4.5167758140009875
31 34 -3.0202320839231214
31 35 -6.040464167846243
31 36 0.5304799301028691
31 37 1.0609598602057382
31 38 -0.6671442382821631
31 39 -1.3342884765643261
32 1.0761968720312542
32 33 14.132569740876098
32 34 3.3306690738754696e-16
32 35 6.661338147750939e-16
32 36 -0.7234384334880308
32 37 -1.4468768669760617
32 38 -0.3345418296664777
32 39 -0.6690836593329554
33 9.218678614500558
33 34 6.661338147750939e-16
33 35 1.3322676295501878e-15
33 36 -1.4468768669760617
33 37 -2.8937537339521233
33 38 -0.6690836593329554
33 39 -1.3381673186659109
34 -10.76085842808623
34 35 14.132569740876098
34 36 0.3345418296664777
34 37 0.6690836593329554
34 38 -0.7234384334880307
34 39 -1.4468768669760614
35 -14.45543198573441
35 36 0.6690836593329554
35 37 1.3381673186659109
35 38 -1.4468768669760614
35 39 -2.893753733952123
36 -18.801091384332032
36 37 12.568163438757633
36 38 2.220446049250313e-16
36 39 4.440892098500626e-16
37 -31.318101049285247
37 38 4.440892098500626e-16
37 39 8.881784197001252e-16
38 -22.77898206116616
38 39 12.568163438757633
39 -39.273882402953504
