40
1100111011000101001101001111110110110001
0 13.40130681725184
0 1 13.744798897195615
0 2 4.440892098500626e-16
0 3 8.881784197001252e-16
0 4 0.42884668037507745
0 5 0.8576933607501549
0 6 -1.0023734483361428
0 7 -2.0047468966722857
0 8 -0.8143173069952725
0 9 -1.628634613990545
0 10 -1.940368844661291
0 11 -3.880737689322582
0 12 -1.39053311009491
0 13 -2.78106622018982
0 14 0.5724805118829714
0 15 1.1449610237659429
0 16 -1.2313644407279634
0 17 -2.4627288814559267
0 18 2.158991844535693
0 19 4.317983689071386
0 20 0.5484421980011185
0 21 1.096884396002237
0 22 -1.4975757404047914
0 23 -2.9951514808095827
0 24 -1.1477283296531346
0 25 -2.2954566593062693
0 26 0.21141297073745058
0 27 0.42282594147490116
0 28 -1.9137292471534826
0 29 -3.827458494306965
0 30 0.13020774736009721
0 31 0.26041549472019443
0 32 -0.46181137444702275
0 33 -0.9236227488940455
0 34 -1.0475877092909185
0 35 -2.095175418581837
0 36 2.1057050779302053
0 37 4.211410155860411
0 38 -2.098150468232522
0 39 -4.196300936465044
1 33.67501308310148
1 2 8.881784197001252e-16
1 3 1.7763568394002505e-15
1 4 0.8576933607501549
1 5 1.7153867215003098
1 6 -2.0047468966722857
1 7 -4.009493793344571
1 8 -1.628634613990545
1 9 -3.25726922798109
1 10 -3.880737689322582
1 11 -7.761475378645164
1 12 -2.78106622018982
1 13 -5.56213244037964
1 14 1.1449610237659429
1 15 2.2899220475318858
1 16 -2.4627288814559267
1 17 -4.925457762911853
1 18 4.317983689071386
1 19 8.635967378142771
1 20 1.096884396002237
1 21 2.193768792004474
1 22 -2.9951514808095827
1 23 -5.990302961619165
1 24 -2.2954566593062693
1 25 -4.590913318612539
1 26 0.42282594147490116
1 27 0.8456518829498023
1 28 -3.827458494306965
1 29 -7.65491698861393
1 30 0.26041549472019443
1 31 0.5208309894403889
1 32 -0.9236227488940455
1 33 -1.847245497788091
1 34 -2.095175418581837
1 35 -4.190350837163674
1 36 4.211410155860411
1 37 8.422820311720821
1 38 -4.196300936465044
1 39 -8.392601872930088
2 -2.6042860789931432
2 3 13.744798897195615
2 4 1.0023734483361428
2 5 2.0047468966722857
2 6 0.42884668037507734
2 7 0.8576933607501547
2 8 1.940368844661291
2 9 3.880737689322582
2 10 -0.8143173069952725
2 11 -1.628634613990545
2 12 -0.572480511882971
2 13 -1.144961023765942
2 14 -1.3905331100949097
2 15 -2.7810662201898193
2 16 -2.1589918445356933
2 17 -4.3179836890713865
2 18 -1.2313644407279634
2 19 -2.4627288814559267
2 20 1.4975757404047914
2 21 2.9951514808095827
2 22 0.5484421980011186
2 23 1.0968843960022372
2 24 -0.21141297073745058
2 25 -0.42282594147490116
2 26 -1.1477283296531349
2 27 -2.2954566593062697
2 28 -0.13020774736009766
2 29 -0.2604154947201953
2 30 -1.9137292471534826
2 31 -3.827458494306965
2 32 1.0475877092909185
2 33 2.095175418581837
2 34 -0.4618113744470228
2 35 -0.9236227488940456
2 36 2.0981504682325225
2 37 4.196300936465045
2 38 2.105705077930205
2 39 4.21141015586041
3 1.6638272906115201
3 4 2.0047468966722857
3 5 4.009493793344571
3 6 0.8576933607501547
3 7 1.7153867215003094
3 8 3.880737689322582
3 9 7.761475378645164
3 10 -1.628634613990545
3 11 -3.25726922798109
3 12 -1.144961023765942
3 13 -2.289922047531884
3 14 -2.7810662201898193
3 15 -5.562132440379639
3 16 -4.3179836890713865
3 17 -8.635967378142773
3 18 -2.4627288814559267
3 19 -4.925457762911853
3 20 2.9951514808095827
3 21 5.990302961619165
3 22 1.0968843960022372
3 23 2.1937687920044744
3 24 -0.42282594147490116
3 25 -0.8456518829498023
3 26 -2.2954566593062697
3 27 -4.5909133186125395
3 28 -0.2604154947201953
3 29 -0.5208309894403906
3 30 -3.827458494306965
3 31 -7.65491698861393
3 32 2.095175418581837
3 33 4.190350837163674
3 34 -0.9236227488940456
3 35 -1.8472454977880912
3 36 4.196300936465045
3 37 8.39260187293009
3 38 4.21141015586041
3 39 8.42282031172082
4 -3.987272864193841
4 5 6.195613552786173
4 6 1.3877787807814457e-16
4 7 2.7755575615628914e-16
4 8 -2.342503238182287
4 9 -4.685006476364574
4 10 -2.439270125431736
4 11 -4.878540250863472
4 12 0.7824608731916987
4 13 1.5649217463833973
4 14 -1.1257459757954233
4 15 -2.2514919515908467
4 16 -0.47230226261271324
4 17 -0.9446045252254265
4 18 0.7712928813167146
4 19 1.5425857626334292
4 20 0.2542156513848441
4 21 0.5084313027696882
4 22 0.20203259776850507
4 23 0.40406519553701015
4 24 0.18747466152335246
4 25 0.3749493230467049
4 26 -0.8638917488212918
4 27 -1.7277834976425837
4 28 -0.6514955712311962
4 29 -1.3029911424623923
4 30 -2.378547864362118
4 31 -4.757095728724236
4 32 0.023299602581791423
4 33 0.046599205163582846
4 34 -0.27790760336633324
4 35 -0.5558152067326665
4 36 1.8548320005330825
4 37 3.709664001066165
4 38 -0.37933279419126215
4 39 -0.7586655883825243
5 -4.876738951994596
5 6 2.7755575615628914e-16
5 7 5.551115123125783e-16
5 8 -4.685006476364574
5 9 -9.370012952729148
5 10 -4.878540250863472
5 11 -9.757080501726945
5 12 1.5649217463833973
5 13 3.1298434927667946
5 14 -2.2514919515908467
5 15 -4.502983903181693
5 16 -0.9446045252254265
5 17 -1.889209050450853
5 18 1.5425857626334292
5 19 3.0851715252668583
5 20 0.5084313027696882
5 21 1.0168626055393764
5 22 0.40406519553701015
5 23 0.8081303910740203
5 24 0.3749493230467049
5 25 0.7498986460934098
5 26 -1.7277834976425837
5 27 -3.4555669952851673
5 28 -1.3029911424623923
5 29 -2.6059822849247847
5 30 -4.757095728724236
5 31 -9.514191457448472
5 32 0.046599205163582846
5 33 0.09319841032716569
5 34 -0.5558152067326665
5 35 -1.111630413465333
5 36 3.709664001066165
5 37 7.41932800213233
5 38 -0.7586655883825243
5 39 -1.5173311767650486
6 -10.085979244500264
6 7 6.195613552786173
6 8 2.4392701254317357
6 9 4.878540250863471
6 10 -2.342503238182287
6 11 -4.685006476364574
6 12 1.1257459757954233
6 13 2.2514919515908467
6 14 0.7824608731916987
6 15 1.5649217463833973
6 16 -0.7712928813167147
6 17 -1.5425857626334294
6 18 -0.47230226261271335
6 19 -0.9446045252254267
6 20 -0.20203259776850507
6 21 -0.40406519553701015
6 22 0.254215651384844
6 23 0.508431302769688
6 24 0.8638917488212919
6 25 1.7277834976425839
6 26 0.18747466152335246
6 27 0.3749493230467049
6 28 2.378547864362118
6 29 4.757095728724236
6 30 -0.6514955712311964
6 31 -1.3029911424623928
6 32 0.27790760336633324
6 33 0.5558152067326665
6 34 0.02329960258179148
6 35 0.04659920516358296
6 36 0.37933279419126237
6 37 0.7586655883825247
6 38 1.8548320005330825
6 39 3.709664001066165
7 -17.074151712607442
7 8 4.878540250863471
7 9 9.757080501726943
7 10 -4.685006476364574
7 11 -9.370012952729148
7 12 2.2514919515908467
7 13 4.502983903181693
7 14 1.5649217463833973
7 15 3.1298434927667946
7 16 -1.5425857626334294
7 17 -3.085171525266859
7 18 -0.9446045252254267
7 19 -1.8892090504508534
7 20 -0.40406519553701015
7 21 -0.8081303910740203
7 22 0.508431302769688
7 23 1.016862605539376
7 24 1.7277834976425839
7 25 3.4555669952851678
7 26 0.3749493230467049
7 27 0.7498986460934098
7 28 4.757095728724236
7 29 9.514191457448472
7 30 -1.3029911424623928
7 31 -2.6059822849247856
7 32 0.5558152067326665
7 33 1.111630413465333
7 34 0.04659920516358296
7 35 0.09319841032716591
7 36 0.7586655883825247
7 37 1.5173311767650495
7 38 3.709664001066165
7 39 7.41932800213233
8 -5.927648072709206
8 9 24.042736527177926
8 10 4.440892098500626e-16
8 11 8.881784197001252e-16
8 12 0.5561421440500066
8 13 1.1122842881000132
8 14 3.8128125785707603
8 15 7.625625157141521
8 16 -0.4974280858407964
8 17 -0.9948561716815928
8 18 -3.164856527398654
8 19 -6.329713054797308
8 20 -0.505641049969072
8 21 -1.011282099938144
8 22 1.6520619562538912
8 23 3.3041239125077824
8 24 4.414767000188709
8 25 8.829534000377418
8 26 2.971665036138182
8 27 5.943330072276364
8 28 4.303333943591217
8 29 8.606667887182434
8 30 -0.9135803801288132
8 31 -1.8271607602576263
8 32 -2.930500164980698
8 33 -5.861000329961396
8 34 -1.637410730057408
8 35 -3.274821460114816
8 36 1.4762972120837277
8 37 2.9525944241674553
8 38 0.9804103220491187
8 39 1.9608206440982374
9 0.16607211817055045
9 10 8.881784197001252e-16
9 11 1.7763568394002505e-15
9 12 1.1122842881000132
9 13 2.2245685762000265
9 14 7.625625157141521
9 15 15.251250314283041
9 16 -0.9948561716815928
9 17 -1.9897123433631856
9 18 -6.329713054797308
9 19 -12.659426109594616
9 20 -1.011282099938144
9 21 -2.022564199876288
9 22 3.3041239125077824
9 23 6.608247825015565
9 24 8.829534000377418
9 25 17.659068000754836
9 26 5.943330072276364
9 27 11.886660144552728
9 28 8.606667887182434
9 29 17.213335774364868
9 30 -1.8271607602576263
9 31 -3.6543215205152526
9 32 -5.861000329961396
9 33 -11.722000659922791
9 34 -3.274821460114816
9 35 -6.549642920229632
9 36 2.9525944241674553
9 37 5.905188848334911
9 38 1.9608206440982374
9 39 3.921641288196475
10 -6.97936439866564
10 11 24.042736527177926
10 12 -3.8128125785707607
10 13 -7.6256251571415214
10 14 0.5561421440500066
10 15 1.1122842881000132
10 16 3.164856527398653
10 17 6.329713054797306
10 18 -0.49742808584079645
10 19 -0.9948561716815929
10 20 -1.652061956253891
10 21 -3.304123912507782
10 22 -0.5056410499690717
10 23 -1.0112820999381433
10 24 -2.971665036138182
10 25 -5.943330072276364
10 26 4.414767000188709
10 27 8.829534000377418
10 28 0.9135803801288134
10 29 1.8271607602576267
10 30 4.303333943591218
10 31 8.606667887182436
10 32 1.6374107300574074
10 33 3.274821460114815
10 34 -2.930500164980698
10 35 -5.861000329961396
10 36 -0.9804103220491187
10 37 -1.9608206440982374
10 38 1.476297212083728
10 39 2.952594424167456
11 -1.9373605337423179
11 12 -7.6256251571415214
11 13 -15.251250314283043
11 14 1.1122842881000132
11 15 2.2245685762000265
11 16 6.329713054797306
11 17 12.659426109594612
11 18 -0.9948561716815929
11 19 -1.9897123433631858
11 20 -3.304123912507782
11 21 -6.608247825015564
11 22 -1.0112820999381433
11 23 -2.0225641998762867
11 24 -5.943330072276364
11 25 -11.886660144552728
11 26 8.829534000377418
11 27 17.659068000754836
11 28 1.8271607602576267
11 29 3.6543215205152535
11 30 8.606667887182436
11 31 17.21333577436487
11 32 3.274821460114815
11 33 6.54964292022963
11 34 -5.861000329961396
11 35 -11.722000659922791
11 36 -1.9608206440982374
11 37 -3.921641288196475
11 38 2.952594424167456
11 39 5.905188848334912
12 9.810649258429564
12 13 16.340355400804114
12 14 4.440892098500626e-16
12 15 8.881784197001252e-16
12 16 -1.8722176220613538
12 17 -3.7444352441227076
12 18 -1.278486686685623
12 19 -2.556973373371246
12 20 2.622657741410671
12 21 5.245315482821342
12 22 -1.6166772622509398
12 23 -3.2333545245018795
12 24 3.0773352851238074
12 25 6.154670570247615
12 26 -2.8896611811514648
12 27 -5.7793223623029295
12 28 -1.4002847631263302
12 29 -2.8005695262526604
12 30 -1.5495578304325752
12 31 -3.0991156608651504
12 32 -3.6633227383554976
12 33 -7.326645476710995
12 34 -0.2641430484671434
12 35 -0.5282860969342869
12 36 -0.19255115783237264
12 37 -0.3851023156647453
12 38 1.6594627129205424
12 39 3.3189254258410847
13 27.79147621726118
13 14 8.881784197001252e-16
13 15 1.7763568394002505e-15
13 16 -3.7444352441227076
13 17 -7.488870488245415
13 18 -2.556973373371246
13 19 -5.113946746742492
13 20 5.245315482821342
13 21 10.490630965642683
13 22 -3.2333545245018795
13 23 -6.466709049003759
13 24 6.154670570247615
13 25 12.30934114049523
13 26 -5.7793223623029295
13 27 -11.558644724605859
13 28 -2.8005695262526604
13 29 -5.601139052505321
13 30 -3.0991156608651504
13 31 -6.198231321730301
13 32 -7.326645476710995
13 33 -14.65329095342199
13 34 -0.5282860969342869
13 35 -1.0565721938685737
13 36 -0.3851023156647453
13 37 -0.7702046313294906
13 38 3.3189254258410847
13 39 6.6378508516821695
14 -18.070673091376907
14 15 16.340355400804114
14 16 1.2784866866856228
14 17 2.5569733733712456
14 18 -1.8722176220613538
14 19 -3.7444352441227076
14 20 1.6166772622509398
14 21 3.2333545245018795
14 22 2.622657741410671
14 23 5.245315482821342
14 24 2.889661181151465
14 25 5.77932236230293
14 26 3.0773352851238074
14 27 6.154670570247615
14 28 1.549557830432575
14 29 3.09911566086515
14 30 -1.4002847631263302
14 31 -2.8005695262526604
14 32 0.26414304846714254
14 33 0.5282860969342851
14 34 -3.6633227383554985
14 35 -7.326645476710997
14 36 -1.6594627129205428
14 37 -3.3189254258410856
14 38 -0.19255115783237242
14 39 -0.38510231566474484
15 -27.971168482351754
15 16 2.5569733733712456
15 17 5.113946746742491
15 18 -3.7444352441227076
15 19 -7.488870488245415
15 20 3.2333545245018795
15 21 6.466709049003759
15 22 5.245315482821342
15 23 10.490630965642683
15 24 5.77932236230293
15 25 11.55864472460586
15 26 6.154670570247615
15 27 12.30934114049523
15 28 3.09911566086515
15 29 6.1982313217303
15 30 -2.8005695262526604
15 31 -5.601139052505321
15 32 0.5282860969342851
15 33 1.0565721938685702
15 34 -7.326645476710997
15 35 -14.653290953421994
15 36 -3.3189254258410856
15 37 -6.637850851682171
15 38 -0.38510231566474484
15 39 -0.7702046313294897
16 -15.35670344623625
16 17 12.167006980832044
16 18 4.440892098500626e-16
16 19 8.881784197001252e-16
16 20 -0.2779468450921674
16 21 -0.5558936901843348
16 22 1.2120415847423742
16 23 2.4240831694847484
16 24 1.3821562985679323
16 25 2.7643125971358646
16 26 1.980660768305928
16 27 3.961321536611856
16 28 0.6042437726292246
16 29 1.2084875452584491
16 30 -0.36173527993003285
16 31 -0.7234705598600657
16 32 0.22949848596344727
16 33 0.45899697192689454
16 34 0.3184246576068437
16 35 0.6368493152136874
16 36 -2.8172942868632864
16 37 -5.634588573726573
16 38 0.5619606637371569
16 39 1.1239213274743138
17 -24.629903402056478
17 18 8.881784197001252e-16
17 19 1.7763568394002505e-15
17 20 -0.5558936901843348
17 21 -1.1117873803686695
17 22 2.4240831694847484
17 23 4.848166338969497
17 24 2.7643125971358646
17 25 5.528625194271729
17 26 3.961321536611856
17 27 7.922643073223712
17 28 1.2084875452584491
17 29 2.4169750905168983
17 30 -0.7234705598600657
17 31 -1.4469411197201314
17 32 0.45899697192689454
17 33 0.9179939438537891
17 34 0.6368493152136874
17 35 1.2736986304273747
17 36 -5.634588573726573
17 37 -11.269177147453146
17 38 1.1239213274743138
17 39 2.2478426549486277
18 1.4381582179426822
18 19 12.167006980832044
18 20 -1.2120415847423742
18 21 -2.4240831694847484
18 22 -0.2779468450921676
18 23 -0.5558936901843352
18 24 -1.9806607683059285
18 25 -3.961321536611857
18 26 1.3821562985679328
18 27 2.7643125971358655
18 28 0.36173527993003324
18 29 0.7234705598600665
18 30 0.6042437726292248
18 31 1.2084875452584496
18 32 -0.3184246576068438
18 33 -0.6368493152136876
18 34 0.22949848596344757
18 35 0.45899697192689515
18 36 -0.5619606637371573
18 37 -1.1239213274743145
18 38 -2.8172942868632864
18 39 -5.634588573726573
19 8.959819926301385
19 20 -2.4240831694847484
19 21 -4.848166338969497
19 22 -0.5558936901843352
19 23 -1.1117873803686704
19 24 -3.961321536611857
19 25 -7.922643073223714
19 26 2.7643125971358655
19 27 5.528625194271731
19 28 0.7234705598600665
19 29 1.446941119720133
19 30 1.2084875452584496
19 31 2.416975090516899
19 32 -0.6368493152136876
19 33 -1.2736986304273752
19 34 0.45899697192689515
19 35 0.9179939438537903
19 36 -1.1239213274743145
19 37 -2.247842654948629
19 38 -5.634588573726573
19 39 -11.269177147453146
20 -5.627339948963563
20 21 12.064196348135605
20 22 2.7755575615628914e-16
20 23 5.551115123125783e-16
20 24 2.504504601051459
20 25 5.009009202102918
20 26 -1.53018086677434
20 27 -3.06036173354868
20 28 -0.7633395126481863
20 29 -1.5266790252963727
20 30 0.4282881129370594
20 31 0.8565762258741187
20 32 -0.471060697452959
20 33 -0.942121394905918
20 34 -0.9623417881271507
20 35 -1.9246835762543013
20 36 0.4624526089563078
20 37 0.9249052179126156
20 38 1.3046691671293438
20 39 2.6093383342586876
21 -5.222581723859323
21 22 5.551115123125783e-16
21 23 1.1102230246251565e-15
21 24 5.009009202102918
21 25 10.018018404205836
21 26 -3.06036173354868
21 27 -6.12072346709736
21 28 -1.5266790252963727
21 29 -3.0533580505927453
21 30 0.8565762258741187
21 31 1.7131524517482375
21 32 -0.942121394905918
21 33 -1.884242789811836
21 34 -1.9246835762543013
21 35 -3.8493671525086026
21 36 0.9249052179126156
21 37 1.8498104358252312
21 38 2.6093383342586876
21 39 5.218676668517375
22 -21.673755582227788
22 23 12.064196348135605
22 24 1.5301808667743404
22 25 3.060361733548681
22 26 2.504504601051459
22 27 5.009009202102918
22 28 -0.4282881129370595
22 29 -0.856576225874119
22 30 -0.763339512648186
22 31 -1.526679025296372
22 32 0.9623417881271503
22 33 1.9246835762543006
22 34 -0.4710606974529592
22 35 -0.9421213949059184
22 36 -1.3046691671293438
22 37 -2.6093383342586876
22 38 0.462452608956308
22 39 0.924905217912616
23 -37.31541299038777
23 24 3.060361733548681
23 25 6.120723467097362
23 26 5.009009202102918
23 27 10.018018404205836
23 28 -0.856576225874119
23 29 -1.713152451748238
23 30 -1.526679025296372
23 31 -3.053358050592744
23 32 1.9246835762543006
23 33 3.8493671525086013
23 34 -0.9421213949059184
23 35 -1.8842427898118368
23 36 -2.6093383342586876
23 37 -5.218676668517375
23 38 0.924905217912616
23 39 1.849810435825232
24 -16.460323179036585
24 25 19.01127108749257
24 26 4.440892098500626e-16
24 27 8.881784197001252e-16
24 28 2.475611010059162
24 29 4.951222020118324
24 30 -2.392543629442639
24 31 -4.785087258885278
24 32 -3.5553426764216978
24 33 -7.1106853528433955
24 34 2.3163026891378413
24 35 4.632605378275683
24 36 2.215528539329313
24 37 4.431057078658626
24 38 0.050032646806424275
24 39 0.10006529361284855
25 -23.415010814326887
25 26 8.881784197001252e-16
25 27 1.7763568394002505e-15
25 28 4.951222020118324
25 29 9.902444040236649
25 30 -4.785087258885278
25 31 -9.570174517770557
25 32 -7.1106853528433955
25 33 -14.221370705686791
25 34 4.632605378275683
25 35 9.265210756551365
25 36 4.431057078658626
25 37 8.862114157317253
25 38 0.10006529361284855
25 39 0.2001305872256971
26 -28.931955000340785
26 27 19.01127108749257
26 28 2.39254362944264
26 29 4.78508725888528
26 30 2.475611010059162
26 31 4.951222020118324
26 32 -2.3163026891378413
26 33 -4.632605378275683
26 34 -3.555342676421697
26 35 -7.110685352843394
26 36 -0.05003264680642472
26 37 -0.10006529361284944
26 38 2.2155285393293136
26 39 4.431057078658627
27 -48.35827445693529
27 28 4.78508725888528
27 29 9.57017451777056
27 30 4.951222020118324
27 31 9.902444040236649
27 32 -4.632605378275683
27 33 -9.265210756551365
27 34 -7.110685352843394
27 35 -14.221370705686788
27 36 -0.10006529361284944
27 37 -0.20013058722569887
27 38 4.431057078658627
27 39 8.862114157317254
28 -14.866993309286546
28 29 14.563718713289052
28 30 4.440892098500626e-16
28 31 8.881784197001252e-16
28 32 -0.21944256811770418
28 33 -0.43888513623540837
28 34 0.7649121171834823
28 35 1.5298242343669646
28 36 1.4715118292047649
28 37 2.9430236584095297
28 38 -0.5021614461045388
28 39 -1.0043228922090777
29 -22.452127261928567
29 30 8.881784197001252e-16
29 31 1.7763568394002505e-15
29 32 -0.43888513623540837
29 33 -0.8777702724708167
29 34 1.5298242343669646
29 35 3.059648468733929
29 36 2.9430236584095297
29 37 5.8860473168190595
29 38 -1.0043228922090777
29 39 -2.0086457844181553
30 5.386574372643036
30 31 14.56371871328905
30 32 -0.7649121171834822
30 33 -1.5298242343669644
30 34 -0.21944256811770407
30 35 -0.43888513623540815
30 36 0.5021614461045388
30 37 1.0043228922090777
30 38 1.4715118292047649
30 39 2.9430236584095297
31 18.055008101930596
31 32 -1.5298242343669644
31 33 -3.0596484687339287
31 34 -0.43888513623540815
31 35 -0.8777702724708163
31 36 1.0043228922090777
31 37 2.0086457844181553
31 38 2.9430236584095297
31 39 5.8860473168190595
32 -0.3429583158204004
32 33 14.668928938841812
32 34 4.440892098500626e-16
32 35 8.881784197001252e-16
32 36 -1.362456226223207
32 37 -2.724912452446414
32 38 -0.05974425639969039
32 39 -0.11948851279938077
33 6.648547837780107
33 34 8.881784197001252e-16
33 35 1.7763568394002505e-15
33 36 -2.724912452446414
33 37 -5.449824904892828
33 38 -0.11948851279938077
33 39 -0.23897702559876155
34 17.534267022197774
34 35 14.668928938841812
34 36 0.05974425639968994
34 37 0.11948851279937989
34 38 -1.3624562262232072
34 39 -2.7249124524464143
35 42.402998513816456
35 36 0.11948851279937989
35 37 0.23897702559875977
35 38 -2.7249124524464143
35 39 -5.449824904892829
36 -0.815757688163627
36 37 13.85248681013287
36 38 0.0
36 39 0.0
37 5.294728028739183
37 38 0.0
37 39 0.0
38 -19.776286503898664
38 39 13.85248681013287
39 -32.62632960273089
