40
1100111011000101001101001111110110110001
0 16.63610604785518
0 1 9.501485537652187
0 2 4.510281037539698e-16
0 3 9.020562075079397e-16
0 4 0.3749711034399188
0 5 0.7499422068798376
0 6 0.7302121940227787
0 7 1.4604243880455574
0 8 0.6590599725849424
0 9 1.3181199451698848
0 10 0.092852810825019
0 11 0.185705621650038
0 12 -0.7867518301323876
0 13 -1.5735036602647752
0 14 -0.1768647058849055
0 15 -0.353729411769811
0 16 -0.9851261097717502
0 17 -1.9702522195435004
0 18 -1.5762210149992533
0 19 -3.1524420299985065
0 20 0.5690473201413893
0 21 1.1380946402827785
0 22 -1.1121806690595368
0 23 -2.2243613381190737
0 24 -1.8728500095580403
0 25 -3.7457000191160805
0 26 -0.8655736965164491
0 27 -1.7311473930328982
0 28 1.1863354118070397
0 29 2.3726708236140794
0 30 -2.3459987209308215
0 31 -4.691997441861643
0 32 -2.758265972313025
0 33 -5.51653194462605
0 34 -2.2779376791334465
0 35 -4.555875358266893
0 36 1.4676375330821663
0 37 2.9352750661643325
0 38 1.2637242315159234
0 39 2.527448463031847
1 38.02295486453645
1 2 9.020562075079397e-16
1 3 1.8041124150158794e-15
1 4 0.7499422068798376
1 5 1.4998844137596752
1 6 1.4604243880455574
1 7 2.920848776091115
1 8 1.3181199451698848
1 9 2.6362398903397697
1 10 0.185705621650038
1 11 0.371411243300076
1 12 -1.5735036602647752
1 13 -3.1470073205295503
1 14 -0.353729411769811
1 15 -0.707458823539622
1 16 -1.9702522195435004
1 17 -3.9405044390870008
1 18 -3.1524420299985065
1 19 -6.304884059997013
1 20 1.1380946402827785
1 21 2.276189280565557
1 22 -2.2243613381190737
1 23 -4.448722676238147
1 24 -3.7457000191160805
1 25 -7.491400038232161
1 26 -1.7311473930328982
1 27 -3.4622947860657964
1 28 2.3726708236140794
1 29 4.745341647228159
1 30 -4.691997441861643
1 31 -9.383994883723286
1 32 -5.51653194462605
1 33 -11.0330638892521
1 34 -4.555875358266893
1 35 -9.111750716533786
1 36 2.9352750661643325
1 37 5.870550132328665
1 38 2.527448463031847
1 39 5.054896926063694
2 -12.221311367478165
2 3 9.501485537652188
2 4 -0.7302121940227788
2 5 -1.4604243880455576
2 6 0.3749711034399189
2 7 0.7499422068798378
2 8 -0.09285281082501895
2 9 -0.1857056216500379
2 10 0.6590599725849424
2 11 1.3181199451698848
2 12 0.17686470588490538
2 13 0.35372941176981076
2 14 -0.7867518301323879
2 15 -1.5735036602647758
2 16 1.5762210149992533
2 17 3.1524420299985065
2 18 -0.9851261097717502
2 19 -1.9702522195435004
2 20 1.112180669059537
2 21 2.224361338119074
2 22 0.569047320141389
2 23 1.138094640282778
2 24 0.8655736965164487
2 25 1.7311473930328973
2 26 -1.8728500095580403
2 27 -3.7457000191160805
2 28 2.345998720930822
2 29 4.691997441861644
2 30 1.1863354118070397
2 31 2.3726708236140794
2 32 2.277937679133446
2 33 4.555875358266892
2 34 -2.7582659723130254
2 35 -5.516531944626051
2 36 -1.2637242315159234
2 37 -2.527448463031847
2 38 1.467637533082166
2 39 2.935275066164332
3 -19.691879966130237
3 4 -1.4604243880455576
3 5 -2.9208487760911153
3 6 0.7499422068798378
3 7 1.4998844137596756
3 8 -0.1857056216500379
3 9 -0.3714112433000758
3 10 1.3181199451698848
3 11 2.6362398903397697
3 12 0.35372941176981076
3 13 0.7074588235396215
3 14 -1.5735036602647758
3 15 -3.1470073205295517
3 16 3.1524420299985065
3 17 6.304884059997013
3 18 -1.9702522195435004
3 19 -3.9405044390870008
3 20 2.224361338119074
3 21 4.448722676238148
3 22 1.138094640282778
3 23 2.276189280565556
3 24 1.7311473930328973
3 25 3.4622947860657947
3 26 -3.7457000191160805
3 27 -7.491400038232161
3 28 4.691997441861644
3 29 9.383994883723288
3 30 2.3726708236140794
3 31 4.745341647228159
3 32 4.555875358266892
3 33 9.111750716533784
3 34 -5.516531944626051
3 35 -11.033063889252102
3 36 -2.527448463031847
3 37 -5.054896926063694
3 38 2.935275066164332
3 39 5.870550132328664
4 -36.734633416634054
4 5 23.066121934777698
4 6 4.440892098500626e-16
4 7 8.881784197001252e-16
4 8 -2.521550445606218
4 9 -5.043100891212436
4 10 -2.635982291938911
4 11 -5.271964583877822
4 12 1.7206704748859412
4 13 3.4413409497718823
4 14 1.643867236207687
4 15 3.287734472415374
4 16 1.417038626909707
4 17 2.834077253819414
4 18 1.1336338041900824
4 19 2.267267608380165
4 20 2.388540282999595
4 21 4.77708056599919
4 22 -1.680527424243196
4 23 -3.361054848486392
4 24 -0.5705441581871548
4 25 -1.1410883163743095
4 26 2.9488496418446157
4 27 5.8976992836892315
4 28 -0.2239314173940969
4 29 -0.4478628347881938
4 30 -0.7735097279012959
4 31 -1.5470194558025918
4 32 1.1586296044974265
4 33 2.317259208994853
4 34 -1.4875942245762324
4 35 -2.9751884491524647
4 36 3.7952532974317075
4 37 7.590506594863415
4 38 -1.0985566262712294
4 39 -2.197113252542459
5 -61.93620586587926
5 6 8.881784197001252e-16
5 7 1.7763568394002505e-15
5 8 -5.043100891212436
5 9 -10.086201782424872
5 10 -5.271964583877822
5 11 -10.543929167755644
5 12 3.4413409497718823
5 13 6.882681899543765
5 14 3.287734472415374
5 15 6.575468944830748
5 16 2.834077253819414
5 17 5.668154507638828
5 18 2.267267608380165
5 19 4.53453521676033
5 20 4.77708056599919
5 21 9.55416113199838
5 22 -3.361054848486392
5 23 -6.722109696972784
5 24 -1.1410883163743095
5 25 -2.282176632748619
5 26 5.8976992836892315
5 27 11.795398567378463
5 28 -0.4478628347881938
5 29 -0.8957256695763876
5 30 -1.5470194558025918
5 31 -3.0940389116051836
5 32 2.317259208994853
5 33 4.634518417989706
5 34 -2.9751884491524647
5 35 -5.950376898304929
5 36 7.590506594863415
5 37 15.18101318972683
5 38 -2.197113252542459
5 39 -4.394226505084918
6 -21.54246069031796
6 7 23.066121934777698
6 8 2.6359822919389106
6 9 5.271964583877821
6 10 -2.521550445606218
6 11 -5.043100891212436
6 12 -1.6438672362076865
6 13 -3.287734472415373
6 14 1.7206704748859414
6 15 3.4413409497718828
6 16 -1.1336338041900822
6 17 -2.2672676083801644
6 18 1.417038626909707
6 19 2.834077253819414
6 20 1.6805274242431967
6 21 3.3610548484863934
6 22 2.388540282999595
6 23 4.77708056599919
6 24 -2.9488496418446157
6 25 -5.8976992836892315
6 26 -0.5705441581871546
6 27 -1.1410883163743093
6 28 0.7735097279012955
6 29 1.547019455802591
6 30 -0.22393141739409694
6 31 -0.4478628347881939
6 32 1.4875942245762328
6 33 2.9751884491524656
6 34 1.1586296044974262
6 35 2.3172592089948525
6 36 1.0985566262712299
6 37 2.1971132525424597
6 38 3.7952532974317075
6 39 7.590506594863415
7 -31.551860413247073
7 8 5.271964583877821
7 9 10.543929167755643
7 10 -5.043100891212436
7 11 -10.086201782424872
7 12 -3.287734472415373
7 13 -6.575468944830746
7 14 3.4413409497718828
7 15 6.8826818995437655
7 16 -2.2672676083801644
7 17 -4.534535216760329
7 18 2.834077253819414
7 19 5.668154507638828
7 20 3.3610548484863934
7 21 6.722109696972787
7 22 4.77708056599919
7 23 9.55416113199838
7 24 -5.8976992836892315
7 25 -11.795398567378463
7 26 -1.1410883163743093
7 27 -2.2821766327486186
7 28 1.547019455802591
7 29 3.094038911605182
7 30 -0.4478628347881939
7 31 -0.8957256695763878
7 32 2.9751884491524656
7 33 5.950376898304931
7 34 2.3172592089948525
7 35 4.634518417989705
7 36 2.1971132525424597
7 37 4.394226505084919
7 38 7.590506594863415
7 39 15.18101318972683
8 21.104280400604654
8 9 19.092457296077228
8 10 4.440892098500626e-16
8 11 8.881784197001252e-16
8 12 -2.5214363987635395
8 13 -5.042872797527079
8 14 1.2979244402672352
8 15 2.5958488805344704
8 16 1.179533585102863
8 17 2.359067170205726
8 18 -1.9998817812574274
8 19 -3.999763562514855
8 20 0.6605373779917652
8 21 1.3210747559835303
8 22 1.0982220894907675
8 23 2.196444178981535
8 24 -3.388546159233741
8 25 -6.777092318467482
8 26 -0.539068498492803
8 27 -1.078136996985606
8 28 0.8670035307035564
8 29 1.7340070614071128
8 30 -0.10675722123667669
8 31 -0.21351444247335338
8 32 -0.20239069252181768
8 33 -0.40478138504363537
8 34 -2.184772065620084
8 35 -4.369544131240168
8 36 -3.8019912279667665
8 37 -7.603982455933533
8 38 0.203222986822286
8 39 0.406445973644572
9 51.75478944924792
9 10 8.881784197001252e-16
9 11 1.7763568394002505e-15
9 12 -5.042872797527079
9 13 -10.085745595054158
9 14 2.5958488805344704
9 15 5.191697761068941
9 16 2.359067170205726
9 17 4.718134340411452
9 18 -3.999763562514855
9 19 -7.99952712502971
9 20 1.3210747559835303
9 21 2.6421495119670606
9 22 2.196444178981535
9 23 4.39288835796307
9 24 -6.777092318467482
9 25 -13.554184636934965
9 26 -1.078136996985606
9 27 -2.156273993971212
9 28 1.7340070614071128
9 29 3.4680141228142256
9 30 -0.21351444247335338
9 31 -0.42702888494670677
9 32 -0.40478138504363537
9 33 -0.8095627700872707
9 34 -4.369544131240168
9 35 -8.739088262480337
9 36 -7.603982455933533
9 37 -15.207964911867066
9 38 0.406445973644572
9 39 0.812891947289144
10 10.967175737580842
10 11 19.092457296077228
10 12 -1.2979244402672354
10 13 -2.595848880534471
10 14 -2.5214363987635395
10 15 -5.042872797527079
10 16 1.9998817812574277
10 17 3.9997635625148553
10 18 1.179533585102863
10 19 2.359067170205726
10 20 -1.0982220894907675
10 21 -2.196444178981535
10 22 0.6605373779917647
10 23 1.3210747559835294
10 24 0.539068498492803
10 25 1.078136996985606
10 26 -3.3885461592337416
10 27 -6.777092318467483
10 28 0.10675722123667691
10 29 0.21351444247335383
10 30 0.8670035307035566
10 31 1.7340070614071132
10 32 2.1847720656200837
10 33 4.3695441312401675
10 34 -0.20239069252181768
10 35 -0.40478138504363537
10 36 -0.20322298682228623
10 37 -0.40644597364457247
10 38 -3.801991227966766
10 39 -7.603982455933532
11 31.480580123200298
11 12 -2.595848880534471
11 13 -5.191697761068942
11 14 -5.042872797527079
11 15 -10.085745595054158
11 16 3.9997635625148553
11 17 7.999527125029711
11 18 2.359067170205726
11 19 4.718134340411452
11 20 -2.196444178981535
11 21 -4.39288835796307
11 22 1.3210747559835294
11 23 2.642149511967059
11 24 1.078136996985606
11 25 2.156273993971212
11 26 -6.777092318467483
11 27 -13.554184636934966
11 28 0.21351444247335383
11 29 0.42702888494670765
11 30 1.7340070614071132
11 31 3.4680141228142265
11 32 4.3695441312401675
11 33 8.739088262480335
11 34 -0.40478138504363537
11 35 -0.8095627700872707
11 36 -0.40644597364457247
11 37 -0.8128919472891449
11 38 -7.603982455933532
11 39 -15.207964911867064
12 3.977362784213777
12 13 21.195465659154053
12 14 8.881784197001252e-16
12 15 1.7763568394002505e-15
12 16 -0.07773833260380872
12 17 -0.15547666520761744
12 18 -2.307914141916134
12 19 -4.615828283832268
12 20 -0.6707627985479493
12 21 -1.3415255970958986
12 22 1.467081159952039
12 23 2.934162319904078
12 24 -0.5029164738089708
12 25 -1.0058329476179415
12 26 1.7746753488531881
12 27 3.5493506977063762
12 28 -1.6360753181328807
12 29 -3.2721506362657613
12 30 -0.12303359098352315
12 31 -0.2460671819670463
12 32 -1.4664454620829788
12 33 -2.9328909241659575
12 34 -2.6302153824590286
12 35 -5.260430764918057
12 36 3.2652596506427476
12 37 6.530519301285495
12 38 -2.3281560209324974
12 39 -4.656312041864995
13 18.55245839800458
13 14 1.7763568394002505e-15
13 15 3.552713678800501e-15
13 16 -0.15547666520761744
13 17 -0.3109533304152349
13 18 -4.615828283832268
13 19 -9.231656567664537
13 20 -1.3415255970958986
13 21 -2.683051194191797
13 22 2.934162319904078
13 23 5.868324639808156
13 24 -1.0058329476179415
13 25 -2.011665895235883
13 26 3.5493506977063762
13 27 7.0987013954127525
13 28 -3.2721506362657613
13 29 -6.544301272531523
13 30 -0.2460671819670463
13 31 -0.4921343639340926
13 32 -2.9328909241659575
13 33 -5.865781848331915
13 34 -5.260430764918057
13 35 -10.520861529836115
13 36 6.530519301285495
13 37 13.06103860257099
13 38 -4.656312041864995
13 39 -9.31262408372999
14 -33.94499934131911
14 15 21.195465659154053
14 16 2.307914141916134
14 17 4.615828283832268
14 18 -0.07773833260380905
14 19 -0.1554766652076181
14 20 -1.4670811599520395
14 21 -2.934162319904079
14 22 -0.6707627985479491
14 23 -1.3415255970958981
14 24 -1.7746753488531883
14 25 -3.5493506977063767
14 26 -0.5029164738089708
14 27 -1.0058329476179415
14 28 0.1230335909835226
14 29 0.2460671819670452
14 30 -1.636075318132881
14 31 -3.272150636265762
14 32 2.630215382459029
14 33 5.260430764918058
14 34 -1.4664454620829792
14 35 -2.9328909241659584
14 36 2.328156020932498
14 37 4.656312041864996
14 38 3.2652596506427476
14 39 6.530519301285495
15 -57.292265853061195
15 16 4.615828283832268
15 17 9.231656567664537
15 18 -0.1554766652076181
15 19 -0.3109533304152362
15 20 -2.934162319904079
15 21 -5.868324639808158
15 22 -1.3415255970958981
15 23 -2.6830511941917963
15 24 -3.5493506977063767
15 25 -7.098701395412753
15 26 -1.0058329476179415
15 27 -2.011665895235883
15 28 0.2460671819670452
15 29 0.4921343639340904
15 30 -3.272150636265762
15 31 -6.544301272531524
15 32 5.260430764918058
15 33 10.520861529836116
15 34 -2.9328909241659584
15 35 -5.865781848331917
15 36 4.656312041864996
15 37 9.312624083729991
15 38 6.530519301285495
15 39 13.06103860257099
16 -24.286975025477446
16 17 12.038069932069725
16 18 2.220446049250313e-16
16 19 4.440892098500626e-16
16 20 0.718431854957527
16 21 1.436863709915054
16 22 -1.2598824801478408
16 23 -2.5197649602956815
16 24 -1.0332237831946423
16 25 -2.0664475663892845
16 26 -2.583221636668254
16 27 -5.166443273336508
16 28 1.476614907609136
16 29 2.953229815218272
16 30 0.9673493102419053
16 31 1.9346986204838106
16 32 3.6148362731249177
16 33 7.2296725462498355
16 34 -2.098202108152512
16 35 -4.196404216305024
16 36 -1.254370015018382
16 37 -2.508740030036764
16 38 0.9364176739545702
16 39 1.8728353479091404
17 -42.55491508492003
17 18 4.440892098500626e-16
17 19 8.881784197001252e-16
17 20 1.436863709915054
17 21 2.873727419830108
17 22 -2.5197649602956815
17 23 -5.039529920591363
17 24 -2.0664475663892845
17 25 -4.132895132778569
17 26 -5.166443273336508
17 27 -10.332886546673016
17 28 2.953229815218272
17 29 5.906459630436544
17 30 1.9346986204838106
17 31 3.869397240967621
17 32 7.2296725462498355
17 33 14.459345092499671
17 34 -4.196404216305024
17 35 -8.392808432610048
17 36 -2.508740030036764
17 37 -5.017480060073528
17 38 1.8728353479091404
17 39 3.745670695818281
18 -23.06774374397572
18 19 12.038069932069726
18 20 1.2598824801478408
18 21 2.5197649602956815
18 22 0.7184318549575271
18 23 1.4368637099150543
18 24 2.583221636668254
18 25 5.166443273336508
18 26 -1.0332237831946425
18 27 -2.066447566389285
18 28 -0.967349310241905
18 29 -1.93469862048381
18 30 1.476614907609136
18 31 2.953229815218272
18 32 2.098202108152513
18 33 4.196404216305026
18 34 3.6148362731249177
18 35 7.2296725462498355
18 36 -0.9364176739545699
18 37 -1.8728353479091397
18 38 -1.2543700150183823
18 39 -2.5087400300367646
19 -40.11645252191658
19 20 2.5197649602956815
19 21 5.039529920591363
19 22 1.4368637099150543
19 23 2.8737274198301086
19 24 5.166443273336508
19 25 10.332886546673016
19 26 -2.066447566389285
19 27 -4.13289513277857
19 28 -1.93469862048381
19 29 -3.86939724096762
19 30 2.953229815218272
19 31 5.906459630436544
19 32 4.196404216305026
19 33 8.392808432610051
19 34 7.2296725462498355
19 35 14.459345092499671
19 36 -1.8728353479091397
19 37 -3.7456706958182795
19 38 -2.5087400300367646
19 39 -5.017480060073529
20 -10.79597325023446
20 21 16.849039864974543
20 22 4.440892098500626e-16
20 23 8.881784197001252e-16
20 24 -0.4361151295512362
20 25 -0.8722302591024724
20 26 -3.5324164055808422
20 27 -7.0648328111616845
20 28 1.32276672283753
20 29 2.64553344567506
20 30 -1.3267806102521207
20 31 -2.6535612205042414
20 32 0.7944697430711558
20 33 1.5889394861423116
20 34 0.11675240575700752
20 35 0.23350481151401503
20 36 2.684581034869745
20 37 5.36916206973949
20 38 1.5054410669961706
20 39 3.0108821339923413
21 -13.16742656798165
21 22 8.881784197001252e-16
21 23 1.7763568394002505e-15
21 24 -0.8722302591024724
21 25 -1.7444605182049449
21 26 -7.0648328111616845
21 27 -14.129665622323369
21 28 2.64553344567506
21 29 5.29106689135012
21 30 -2.6535612205042414
21 31 -5.307122441008483
21 32 1.5889394861423116
21 33 3.1778789722846232
21 34 0.23350481151401503
21 35 0.46700962302803006
21 36 5.36916206973949
21 37 10.73832413947898
21 38 3.0108821339923413
21 39 6.021764267984683
22 -26.514615498431358
22 23 16.849039864974543
22 24 3.5324164055808422
22 25 7.0648328111616845
22 26 -0.436115129551236
22 27 -0.872230259102472
22 28 1.3267806102521211
22 29 2.6535612205042423
22 30 1.32276672283753
22 31 2.64553344567506
22 32 -0.11675240575700718
22 33 -0.23350481151401437
22 34 0.7944697430711556
22 35 1.5889394861423112
22 36 -1.5054410669961704
22 37 -3.010882133992341
22 38 2.684581034869745
22 39 5.36916206973949
23 -44.604711064375444
23 24 7.0648328111616845
23 25 14.129665622323369
23 26 -0.872230259102472
23 27 -1.744460518204944
23 28 2.6535612205042423
23 29 5.3071224410084845
23 30 2.64553344567506
23 31 5.29106689135012
23 32 -0.23350481151401437
23 33 -0.46700962302802873
23 34 1.5889394861423112
23 35 3.1778789722846223
23 36 -3.010882133992341
23 37 -6.021764267984682
23 38 5.36916206973949
23 39 10.73832413947898
24 -19.533940114049706
24 25 17.824948453012873
24 26 4.440892098500626e-16
24 27 8.881784197001252e-16
24 28 0.3825891171348158
24 29 0.7651782342696316
24 30 1.472473643599586
24 31 2.944947287199172
24 32 -0.16528791941343823
24 33 -0.33057583882687647
24 34 -0.2401788771408515
24 35 -0.480357754281703
24 36 -1.3691410868333698
24 37 -2.7382821736667395
24 38 0.19186500047051536
24 39 0.3837300009410307
25 -30.155406001592976
25 26 8.881784197001252e-16
25 27 1.7763568394002505e-15
25 28 0.7651782342696316
25 29 1.5303564685392632
25 30 2.944947287199172
25 31 5.889894574398344
25 32 -0.33057583882687647
25 33 -0.6611516776537529
25 34 -0.480357754281703
25 35 -0.960715508563406
25 36 -2.7382821736667395
25 37 -5.476564347333479
25 38 0.3837300009410307
25 39 0.7674600018820614
26 5.9800086513696655
26 27 17.824948453012873
26 28 -1.4724736435995858
26 29 -2.9449472871991715
26 30 0.3825891171348158
26 31 0.7651782342696316
26 32 0.24017887714085173
26 33 0.48035775428170346
26 34 -0.16528791941343807
26 35 -0.33057583882687613
26 36 -0.19186500047051536
26 37 -0.3837300009410307
26 38 -1.3691410868333698
26 39 -2.7382821736667395
27 20.87249152924576
27 28 -2.9449472871991715
27 29 -5.889894574398343
27 30 0.7651782342696316
27 31 1.5303564685392632
27 32 0.48035775428170346
27 33 0.9607155085634069
27 34 -0.33057583882687613
27 35 -0.6611516776537523
27 36 -0.3837300009410307
27 37 -0.7674600018820614
27 38 -2.7382821736667395
27 39 -5.476564347333479
28 -16.410717463485724
28 29 11.816323816485049
28 30 2.220446049250313e-16
28 31 4.440892098500626e-16
28 32 1.5228047345381202
28 33 3.0456094690762403
28 34 -3.0086007792785217
28 35 -6.017201558557043
28 36 -1.133497941638853
28 37 -2.266995883277706
28 38 2.8182692375619753
28 39 5.636538475123951
29 -26.913273018728926
29 30 4.440892098500626e-16
29 31 8.881784197001252e-16
29 32 3.0456094690762403
29 33 6.091218938152481
29 34 -6.017201558557043
29 35 -12.034403117114087
29 36 -2.266995883277706
29 37 -4.533991766555412
29 38 5.636538475123951
29 39 11.273076950247901
30 -11.00664322135474
30 31 11.816323816485049
30 32 3.0086007792785217
30 33 6.017201558557043
30 34 1.52280473453812
30 35 3.04560946907624
30 36 -2.8182692375619753
30 37 -5.636538475123951
30 38 -1.1334979416388533
30 39 -2.2669958832777066
31 -16.105124534466956
31 32 6.017201558557043
31 33 12.034403117114087
31 34 3.04560946907624
31 35 6.09121893815248
31 36 -5.636538475123951
31 37 -11.273076950247901
31 38 -2.2669958832777066
31 39 -4.533991766555413
32 -46.99171138906741
32 33 17.627526324557646
32 34 4.440892098500626e-16
32 35 8.881784197001252e-16
32 36 -0.7914358881628254
32 37 -1.5828717763256508
32 38 1.2908599155737945
32 39 2.581719831147589
33 -85.16965961585599
33 34 8.881784197001252e-16
33 35 1.7763568394002505e-15
33 36 -1.5828717763256508
33 37 -3.1657435526513016
33 38 2.581719831147589
33 39 5.163439662295178
34 13.908737388815972
34 35 17.627526324557646
34 36 -1.2908599155737945
34 37 -2.581719831147589
34 38 -0.7914358881628261
34 39 -1.5828717763256521
35 36.63123793991077
35 36 -2.581719831147589
35 37 -5.163439662295178
35 38 -1.5828717763256521
35 39 -3.1657435526513042
36 -7.330776862246915
36 37 20.359642784167647
36 38 4.996003610813204e-16
36 39 9.992007221626409e-16
37 -4.4817323324100045
37 38 9.992007221626409e-16
37 39 1.9984014443252818e-15
38 -34.31298619153209
38 39 20.359642784167647
39 -58.44615099098036
