40
1100111011000101001101001111110110110001
0 0.7715917027761181
0 1 21.619025408717363
0 2 5.551115123125783e-16
0 3 1.1102230246251565e-15
0 4 -1.8943727808851958
0 5 -3.7887455617703916
0 6 -4.297510020924204
0 7 -8.595020041848407
0 8 -1.4700749264889088
0 9 -2.9401498529778176
0 10 0.20264492405043444
0 11 0.4052898481008689
0 12 0.03508287537096422
0 13 0.07016575074192843
0 14 1.6240985592663404
0 15 3.248197118532681
0 16 1.3232104772858413
0 17 2.6464209545716826
0 18 0.6148897942118118
0 19 1.2297795884236236
0 20 0.5722463225818579
0 21 1.1444926451637158
0 22 1.8479035017565
0 23 3.695807003513
0 24 -1.0664394008439289
0 25 -2.1328788016878577
0 26 -0.25531112600732614
0 27 -0.5106222520146523
0 28 -1.1255594805626359
0 29 -2.2511189611252718
0 30 2.7744496382244277
0 31 5.548899276448855
0 32 -1.6262581950448713
0 33 -3.2525163900897427
0 34 2.7909405129699008
0 35 5.5818810259398015
0 36 2.193245812618495
0 37 4.38649162523699
0 38 1.6156932595345317
0 39 3.2313865190690634
1 12.35269610991092
1 2 1.1102230246251565e-15
1 3 2.220446049250313e-15
1 4 -3.7887455617703916
1 5 -7.577491123540783
1 6 -8.595020041848407
1 7 -17.190040083696815
1 8 -2.9401498529778176
1 9 -5.880299705955635
1 10 0.4052898481008689
1 11 0.8105796962017378
1 12 0.07016575074192843
1 13 0.14033150148385687
1 14 3.248197118532681
1 15 6.496394237065362
1 16 2.6464209545716826
1 17 5.292841909143365
1 18 1.2297795884236236
1 19 2.459559176847247
1 20 1.1444926451637158
1 21 2.2889852903274317
1 22 3.695807003513
1 23 7.391614007026
1 24 -2.1328788016878577
1 25 -4.265757603375715
1 26 -0.5106222520146523
1 27 -1.0212445040293046
1 28 -2.2511189611252718
1 29 -4.5022379222505435
1 30 5.548899276448855
1 31 11.09779855289771
1 32 -3.2525163900897427
1 33 -6.505032780179485
1 34 5.5818810259398015
1 35 11.163762051879603
1 36 4.38649162523699
1 37 8.77298325047398
1 38 3.2313865190690634
1 39 6.462773038138127
2 -12.252168854095732
2 3 21.619025408717363
2 4 4.297510020924204
2 5 8.595020041848407
2 6 -1.8943727808851956
2 7 -3.788745561770391
2 8 -0.20264492405043466
2 9 -0.4052898481008693
2 10 -1.4700749264889088
2 11 -2.9401498529778176
2 12 -1.6240985592663404
2 13 -3.248197118532681
2 14 0.035082875370964106
2 15 0.07016575074192821
2 16 -0.6148897942118118
2 17 -1.2297795884236236
2 18 1.323210477285841
2 19 2.646420954571682
2 20 -1.8479035017564995
2 21 -3.695807003512999
2 22 0.5722463225818577
2 23 1.1444926451637154
2 24 0.2553111260073259
2 25 0.5106222520146518
2 26 -1.066439400843929
2 27 -2.132878801687858
2 28 -2.7744496382244277
2 29 -5.548899276448855
2 30 -1.125559480562636
2 31 -2.251118961125272
2 32 -2.7909405129699008
2 33 -5.5818810259398015
2 34 -1.6262581950448716
2 35 -3.252516390089743
2 36 -1.6156932595345317
2 37 -3.2313865190690634
2 38 2.1932458126184944
2 39 4.386491625236989
3 -13.69482500383278
3 4 8.595020041848407
3 5 17.190040083696815
3 6 -3.788745561770391
3 7 -7.577491123540782
3 8 -0.4052898481008693
3 9 -0.8105796962017386
3 10 -2.9401498529778176
3 11 -5.880299705955635
3 12 -3.248197118532681
3 13 -6.496394237065362
3 14 0.07016575074192821
3 15 0.14033150148385642
3 16 -1.2297795884236236
3 17 -2.459559176847247
3 18 2.646420954571682
3 19 5.292841909143364
3 20 -3.695807003512999
3 21 -7.391614007025998
3 22 1.1444926451637154
3 23 2.288985290327431
3 24 0.5106222520146518
3 25 1.0212445040293037
3 26 -2.132878801687858
3 27 -4.265757603375716
3 28 -5.548899276448855
3 29 -11.09779855289771
3 30 -2.251118961125272
3 31 -4.502237922250544
3 32 -5.5818810259398015
3 33 -11.163762051879603
3 34 -3.252516390089743
3 35 -6.505032780179486
3 36 -3.2313865190690634
3 37 -6.462773038138127
3 38 4.386491625236989
3 39 8.772983250473978
4 -34.28642575570615
4 5 28.627694634536688
4 6 8.881784197001252e-16
4 7 1.7763568394002505e-15
4 8 1.8192047533067477
4 9 3.6384095066134954
4 10 -2.812355571142867
4 11 -5.624711142285734
4 12 0.3562862562998028
4 13 0.7125725125996056
4 14 -0.19444363636884732
4 15 -0.38888727273769463
4 16 -3.858534248431015
4 17 -7.71706849686203
4 18 -3.0248556520977274
4 19 -6.049711304195455
4 20 0.10759286427953751
4 21 0.21518572855907503
4 22 -0.3207024550822685
4 23 -0.641404910164537
4 24 2.5146165169415697
4 25 5.0292330338831395
4 26 3.301981147524105
4 27 6.60396229504821
4 28 -0.9564447069983224
4 29 -1.9128894139966448
4 30 -0.05091661059563768
4 31 -0.10183322119127536
4 32 2.217013457866968
4 33 4.434026915733936
4 34 0.4751239250693933
4 35 0.9502478501387867
4 36 -2.6741340930513284
4 37 -5.348268186102657
4 38 1.8763277994524983
4 39 3.7526555989049966
5 -54.259004194143955
5 6 1.7763568394002505e-15
5 7 3.552713678800501e-15
5 8 3.6384095066134954
5 9 7.276819013226991
5 10 -5.624711142285734
5 11 -11.249422284571468
5 12 0.7125725125996056
5 13 1.4251450251992113
5 14 -0.38888727273769463
5 15 -0.7777745454753893
5 16 -7.71706849686203
5 17 -15.43413699372406
5 18 -6.049711304195455
5 19 -12.09942260839091
5 20 0.21518572855907503
5 21 0.43037145711815006
5 22 -0.641404910164537
5 23 -1.282809820329074
5 24 5.0292330338831395
5 25 10.058466067766279
5 26 6.60396229504821
5 27 13.20792459009642
5 28 -1.9128894139966448
5 29 -3.8257788279932896
5 30 -0.10183322119127536
5 31 -0.20366644238255072
5 32 4.434026915733936
5 33 8.868053831467872
5 34 0.9502478501387867
5 35 1.9004957002775733
5 36 -5.348268186102657
5 37 -10.696536372205314
5 38 3.7526555989049966
5 39 7.505311197809993
6 13.155434849687161
6 7 28.627694634536688
6 8 2.8123555711428674
6 9 5.624711142285735
6 10 1.819204753306748
6 11 3.638409506613496
6 12 0.19444363636884743
6 13 0.38888727273769486
6 14 0.35628625629980304
6 15 0.7125725125996061
6 16 3.024855652097727
6 17 6.049711304195454
6 18 -3.8585342484310146
6 19 -7.717068496862029
6 20 0.32070245508226836
6 21 0.6414049101645367
6 22 0.10759286427953763
6 23 0.21518572855907525
6 24 -3.3019811475241054
6 25 -6.603962295048211
6 26 2.5146165169415697
6 27 5.0292330338831395
6 28 0.05091661059563768
6 29 0.10183322119127536
6 30 -0.9564447069983224
6 31 -1.9128894139966448
6 32 -0.47512392506939316
6 33 -0.9502478501387863
6 34 2.217013457866968
6 35 4.434026915733936
6 36 -1.8763277994524987
6 37 -3.7526555989049974
6 38 -2.674134093051328
6 39 -5.348268186102656
7 40.62471701664266
7 8 5.624711142285735
7 9 11.24942228457147
7 10 3.638409506613496
7 11 7.276819013226992
7 12 0.38888727273769486
7 13 0.7777745454753897
7 14 0.7125725125996061
7 15 1.4251450251992122
7 16 6.049711304195454
7 17 12.099422608390908
7 18 -7.717068496862029
7 19 -15.434136993724058
7 20 0.6414049101645367
7 21 1.2828098203290734
7 22 0.21518572855907525
7 23 0.4303714571181505
7 24 -6.603962295048211
7 25 -13.207924590096422
7 26 5.0292330338831395
7 27 10.058466067766279
7 28 0.10183322119127536
7 29 0.20366644238255072
7 30 -1.9128894139966448
7 31 -3.8257788279932896
7 32 -0.9502478501387863
7 33 -1.9004957002775726
7 34 4.434026915733936
7 35 8.868053831467872
7 36 -3.7526555989049974
7 37 -7.505311197809995
7 38 -5.348268186102656
7 39 -10.696536372205312
8 -13.60131805663173
8 9 22.149295107510458
8 10 4.440892098500626e-16
8 11 8.881784197001252e-16
8 12 1.441288895433858
8 13 2.882577790867716
8 14 1.3519182918207646
8 15 2.7038365836415292
8 16 -0.2902932611525586
8 17 -0.5805865223051172
8 18 -2.574272890055618
8 19 -5.148545780111236
8 20 2.598687701064482
8 21 5.197375402128964
8 22 1.6411772254515058
8 23 3.2823544509030116
8 24 2.0740902260330594
8 25 4.148180452066119
8 26 -1.5622643409825074
8 27 -3.124528681965015
8 28 2.2539176182506138
8 29 4.5078352365012275
8 30 5.700495721583441
8 31 11.400991443166882
8 32 0.3243511713987286
8 33 0.6487023427974572
8 34 -2.5768945018307647
8 35 -5.1537890036615295
8 36 0.08631188342070384
8 37 0.17262376684140768
8 38 0.32202779757687366
8 39 0.6440555951537473
9 -16.12798855950823
9 10 8.881784197001252e-16
9 11 1.7763568394002505e-15
9 12 2.882577790867716
9 13 5.765155581735432
9 14 2.7038365836415292
9 15 5.4076731672830585
9 16 -0.5805865223051172
9 17 -1.1611730446102344
9 18 -5.148545780111236
9 19 -10.297091560222473
9 20 5.197375402128964
9 21 10.394750804257928
9 22 3.2823544509030116
9 23 6.564708901806023
9 24 4.148180452066119
9 25 8.296360904132237
9 26 -3.124528681965015
9 27 -6.24905736393003
9 28 4.5078352365012275
9 29 9.015670473002455
9 30 11.400991443166882
9 31 22.801982886333764
9 32 0.6487023427974572
9 33 1.2974046855949144
9 34 -5.1537890036615295
9 35 -10.307578007323059
9 36 0.17262376684140768
9 37 0.34524753368281536
9 38 0.6440555951537473
9 39 1.2881111903074947
10 -15.510858055325894
10 11 22.149295107510458
10 12 -1.3519182918207644
10 13 -2.703836583641529
10 14 1.4412888954338579
10 15 2.8825777908677157
10 16 2.574272890055618
10 17 5.148545780111236
10 18 -0.29029326115255827
10 19 -0.5805865223051165
10 20 -1.6411772254515058
10 21 -3.2823544509030116
10 22 2.598687701064482
10 23 5.197375402128964
10 24 1.562264340982508
10 25 3.124528681965016
10 26 2.0740902260330594
10 27 4.148180452066119
10 28 -5.70049572158344
10 29 -11.40099144316688
10 30 2.2539176182506138
10 31 4.5078352365012275
10 32 2.5768945018307647
10 33 5.1537890036615295
10 34 0.3243511713987288
10 35 0.6487023427974576
10 36 -0.32202779757687355
10 37 -0.6440555951537471
10 38 0.08631188342070384
10 39 0.17262376684140768
11 -19.94706855689656
11 12 -2.703836583641529
11 13 -5.407673167283058
11 14 2.8825777908677157
11 15 5.765155581735431
11 16 5.148545780111236
11 17 10.297091560222473
11 18 -0.5805865223051165
11 19 -1.161173044610233
11 20 -3.2823544509030116
11 21 -6.564708901806023
11 22 5.197375402128964
11 23 10.394750804257928
11 24 3.124528681965016
11 25 6.249057363930032
11 26 4.148180452066119
11 27 8.296360904132237
11 28 -11.40099144316688
11 29 -22.80198288633376
11 30 4.5078352365012275
11 31 9.015670473002455
11 32 5.1537890036615295
11 33 10.307578007323059
11 34 0.6487023427974576
11 35 1.2974046855949153
11 36 -0.6440555951537471
11 37 -1.2881111903074942
11 38 0.17262376684140768
11 39 0.34524753368281536
12 -6.164585305719746
12 13 9.599529571074997
12 14 4.718447854656915e-16
12 15 9.43689570931383e-16
12 16 1.680039909620084
12 17 3.360079819240168
12 18 -0.5078263368294755
12 19 -1.015652673658951
12 20 -0.43006488986557334
12 21 -0.8601297797311467
12 22 -1.2729452285663245
12 23 -2.545890457132649
12 24 1.050555142096128
12 25 2.101110284192256
12 26 -1.5126999352280008
12 27 -3.0253998704560017
12 28 1.1140951306577007
12 29 2.2281902613154014
12 30 2.039066143965896
12 31 4.078132287931792
12 32 0.9331567955065027
12 33 1.8663135910130053
12 34 1.4203690773739979
12 35 2.8407381547479957
12 36 0.49773858673892324
12 37 0.9954771734778465
12 38 0.011641900515524606
12 39 0.02328380103104921
13 -7.529405825901993
13 14 9.43689570931383e-16
13 15 1.887379141862766e-15
13 16 3.360079819240168
13 17 6.720159638480336
13 18 -1.015652673658951
13 19 -2.031305347317902
13 20 -0.8601297797311467
13 21 -1.7202595594622934
13 22 -2.545890457132649
13 23 -5.091780914265298
13 24 2.101110284192256
13 25 4.202220568384512
13 26 -3.0253998704560017
13 27 -6.050799740912003
13 28 2.2281902613154014
13 29 4.456380522630803
13 30 4.078132287931792
13 31 8.156264575863585
13 32 1.8663135910130053
13 33 3.7326271820260106
13 34 2.8407381547479957
13 35 5.6814763094959915
13 36 0.9954771734778465
13 37 1.990954346955693
13 38 0.02328380103104921
13 39 0.04656760206209842
14 -15.4519436068108
14 15 9.599529571074997
14 16 0.507826336829476
14 17 1.015652673658952
14 18 1.6800399096200835
14 19 3.360079819240167
14 20 1.2729452285663243
14 21 2.5458904571326486
14 22 -0.4300648898655734
14 23 -0.8601297797311468
14 24 1.5126999352280008
14 25 3.0253998704560017
14 26 1.050555142096128
14 27 2.101110284192256
14 28 -2.0390661439658957
14 29 -4.078132287931791
14 30 1.1140951306577007
14 31 2.2281902613154014
14 32 -1.4203690773739979
14 33 -2.8407381547479957
14 34 0.9331567955065028
14 35 1.8663135910130055
14 36 -0.011641900515524828
14 37 -0.023283801031049656
14 38 0.4977385867389232
14 39 0.9954771734778464
15 -26.1041224280841
15 16 1.015652673658952
15 17 2.031305347317904
15 18 3.360079819240167
15 19 6.720159638480334
15 20 2.5458904571326486
15 21 5.091780914265297
15 22 -0.8601297797311468
15 23 -1.7202595594622936
15 24 3.0253998704560017
15 25 6.050799740912003
15 26 2.101110284192256
15 27 4.202220568384512
15 28 -4.078132287931791
15 29 -8.156264575863583
15 30 2.2281902613154014
15 31 4.456380522630803
15 32 -2.8407381547479957
15 33 -5.6814763094959915
15 34 1.8663135910130055
15 35 3.732627182026011
15 36 -0.023283801031049656
15 37 -0.04656760206209931
15 38 0.9954771734778464
15 39 1.9909543469556927
16 12.312727108814169
16 17 13.45663558604799
16 18 3.3306690738754696e-16
16 19 6.661338147750939e-16
16 20 -1.0384978527773336
16 21 -2.0769957055546673
16 22 0.8077887803568239
16 23 1.6155775607136478
16 24 -4.430535941844835
16 25 -8.86107188368967
16 26 -1.6351683114861417
16 27 -3.2703366229722834
16 28 -3.8272029464419672
16 29 -7.6544058928839345
16 30 -0.6228671549331024
16 31 -1.2457343098662048
16 32 -1.7987813691690553
16 33 -3.5975627383381106
16 34 2.9494900598420424
16 35 5.898980119684085
16 36 -1.2543250915264574
16 37 -2.508650183052915
16 38 -0.13123712774291174
16 39 -0.2624742554858235
17 31.35377201065233
17 18 6.661338147750939e-16
17 19 1.3322676295501878e-15
17 20 -2.0769957055546673
17 21 -4.153991411109335
17 22 1.6155775607136478
17 23 3.2311551214272956
17 24 -8.86107188368967
17 25 -17.72214376737934
17 26 -3.2703366229722834
17 27 -6.540673245944567
17 28 -7.6544058928839345
17 29 -15.308811785767869
17 30 -1.2457343098662048
17 31 -2.4914686197324096
17 32 -3.5975627383381106
17 33 -7.195125476676221
17 34 5.898980119684085
17 35 11.79796023936817
17 36 -2.508650183052915
17 37 -5.01730036610583
17 38 -0.2624742554858235
17 39 -0.524948510971647
18 7.983801390995185
18 19 13.456635586047991
18 20 -0.807788780356824
18 21 -1.615577560713648
18 22 -1.0384978527773336
18 23 -2.0769957055546673
18 24 1.6351683114861413
18 25 3.2703366229722826
18 26 -4.430535941844835
18 27 -8.86107188368967
18 28 0.6228671549331022
18 29 1.2457343098662044
18 30 -3.8272029464419677
18 31 -7.654405892883935
18 32 -2.9494900598420424
18 33 -5.898980119684085
18 34 -1.7987813691690555
18 35 -3.597562738338111
18 36 0.13123712774291155
18 37 0.2624742554858231
18 38 -1.2543250915264577
18 39 -2.5086501830529153
19 22.695920575014362
19 20 -1.615577560713648
19 21 -3.231155121427296
19 22 -2.0769957055546673
19 23 -4.153991411109335
19 24 3.2703366229722826
19 25 6.540673245944565
19 26 -8.86107188368967
19 27 -17.72214376737934
19 28 1.2457343098662044
19 29 2.4914686197324087
19 30 -7.654405892883935
19 31 -15.30881178576787
19 32 -5.898980119684085
19 33 -11.79796023936817
19 34 -3.597562738338111
19 35 -7.195125476676222
19 36 0.2624742554858231
19 37 0.5249485109716462
19 38 -2.5086501830529153
19 39 -5.017300366105831
20 13.954713194724395
20 21 13.057173368945119
20 22 3.3306690738754696e-16
20 23 6.661338147750939e-16
20 24 0.33410815206344774
20 25 0.6682163041268955
20 26 -0.3818799178489589
20 27 -0.7637598356979178
20 28 2.777997149896963
20 29 5.555994299793926
20 30 0.4279024056534036
20 31 0.8558048113068072
20 32 -3.1445476393339105
20 33 -6.289095278667821
20 34 -0.24715729103553008
20 35 -0.49431458207106016
20 36 1.2978959829687948
20 37 2.5957919659375897
20 38 -1.2378052664910475
20 39 -2.475610532982095
21 34.43801307392135
21 22 6.661338147750939e-16
21 23 1.3322676295501878e-15
21 24 0.6682163041268955
21 25 1.336432608253791
21 26 -0.7637598356979178
21 27 -1.5275196713958357
21 28 5.555994299793926
21 29 11.111988599587852
21 30 0.8558048113068072
21 31 1.7116096226136144
21 32 -6.289095278667821
21 33 -12.578190557335642
21 34 -0.49431458207106016
21 35 -0.9886291641421203
21 36 2.5957919659375897
21 37 5.191583931875179
21 38 -2.475610532982095
21 39 -4.95122106596419
22 -17.566015835073046
22 23 13.057173368945119
22 24 0.38187991784895914
22 25 0.7637598356979183
22 26 0.3341081520634476
22 27 0.6682163041268953
22 28 -0.4279024056534033
22 29 -0.8558048113068066
22 30 2.7779971498969633
22 31 5.555994299793927
22 32 0.24715729103552997
22 33 0.49431458207105994
22 34 -3.144547639333911
22 35 -6.289095278667822
22 36 1.2378052664910475
22 37 2.475610532982095
22 38 1.2978959829687948
22 39 2.5957919659375897
23 -28.603444985673534
23 24 0.7637598356979183
23 25 1.5275196713958366
23 26 0.6682163041268953
23 27 1.3364326082537905
23 28 -0.8558048113068066
23 29 -1.7116096226136133
23 30 5.555994299793927
23 31 11.111988599587853
23 32 0.49431458207105994
23 33 0.9886291641421199
23 34 -6.289095278667822
23 35 -12.578190557335644
23 36 2.475610532982095
23 37 4.95122106596419
23 38 2.5957919659375897
23 39 5.191583931875179
24 -50.20383445497933
24 25 29.107892667794534
24 26 1.3322676295501878e-15
24 27 2.6645352591003757e-15
24 28 1.8514766006800283
24 29 3.7029532013600566
24 30 3.8982431155642265
24 31 7.796486231128453
24 32 3.0942187324645367
24 33 6.188437464929073
24 34 -1.9846999808577972
24 35 -3.9693999617155944
24 36 1.907883290206971
24 37 3.815766580413942
24 38 2.5022210132962504
24 39 5.004442026592501
25 -85.8537225760614
25 26 2.6645352591003757e-15
25 27 5.329070518200751e-15
25 28 3.7029532013600566
25 29 7.405906402720113
25 30 7.796486231128453
25 31 15.592972462256906
25 32 6.188437464929073
25 33 12.376874929858147
25 34 -3.9693999617155944
25 35 -7.938799923431189
25 36 3.815766580413942
25 37 7.631533160827884
25 38 5.004442026592501
25 39 10.008884053185001
26 -10.37305664787267
26 27 29.107892667794538
26 28 -3.8982431155642265
26 29 -7.796486231128453
26 30 1.8514766006800283
26 31 3.7029532013600566
26 32 1.9846999808577976
26 33 3.9693999617155953
26 34 3.094218732464537
26 35 6.188437464929074
26 36 -2.50222101329625
26 37 -5.0044420265925
26 38 1.9078832902069705
26 39 3.815766580413941
27 -6.19216696184807
27 28 -7.796486231128453
27 29 -15.592972462256906
27 30 3.7029532013600566
27 31 7.405906402720113
27 32 3.9693999617155953
27 33 7.938799923431191
27 34 6.188437464929074
27 35 12.376874929858149
27 36 -5.0044420265925
27 37 -10.008884053185
27 38 3.815766580413941
27 39 7.631533160827882
28 21.750940393639482
28 29 21.668052118896476
28 30 4.996003610813204e-16
28 31 9.992007221626409e-16
28 32 -0.2026999497578056
28 33 -0.4053998995156112
28 34 -1.7635761880872818
28 35 -3.5271523761745636
28 36 2.171404989672447
28 37 4.342809979344894
28 38 -2.6007804346489753
28 39 -5.201560869297951
29 54.335906846727205
29 30 9.992007221626409e-16
29 31 1.9984014443252818e-15
29 32 -0.4053998995156112
29 33 -0.8107997990312223
29 34 -3.5271523761745636
29 35 -7.054304752349127
29 36 4.342809979344894
29 37 8.685619958689788
29 38 -5.201560869297951
29 39 -10.403121738595901
30 -24.687424561340173
30 31 21.668052118896476
30 32 1.7635761880872818
30 33 3.5271523761745636
30 34 -0.2026999497578056
30 35 -0.4053998995156112
30 36 2.600780434648976
30 37 5.201560869297952
30 38 2.1714049896724474
30 39 4.342809979344895
31 -38.540823063232104
31 32 3.5271523761745636
31 33 7.054304752349127
31 34 -0.4053998995156112
31 35 -0.8107997990312223
31 36 5.201560869297952
31 37 10.403121738595903
31 38 4.342809979344895
31 39 8.68561995868979
32 -16.236599869192204
32 33 18.25351125020602
32 34 6.661338147750939e-16
32 35 1.3322676295501878e-15
32 36 0.2189367177919413
32 37 0.4378734355838826
32 38 0.16868634285694079
32 39 0.33737268571388157
33 -23.3464441132814
33 34 1.3322676295501878e-15
33 35 2.6645352591003757e-15
33 36 0.4378734355838826
33 37 0.8757468711677652
33 38 0.33737268571388157
33 39 0.6747453714277631
34 7.1448077231479115
34 35 18.25351125020602
34 36 -0.16868634285694076
34 37 -0.3373726857138815
34 38 0.21893671779194135
34 39 0.4378734355838827
35 23.41637107139883
35 36 -0.3373726857138815
35 37 -0.674745371427763
35 38 0.4378734355838827
35 39 0.8757468711677654
36 1.3319379367239632
36 37 12.35757264839744
36 38 4.440892098500626e-16
36 39 8.881784197001252e-16
37 8.842662197646646
37 38 8.881784197001252e-16
37 39 1.7763568394002505e-15
38 -27.20851153072657
38 39 12.35757264839744
39 -48.238236737254425
