40
1100111011000101001101001111110110110001
0 14.830509831700764
0 1 17.68475068218245
0 2 4.440892098500626e-16
0 3 8.881784197001252e-16
0 4 -2.732529722667067
0 5 -5.465059445334134
0 6 1.3556843639373106
0 7 2.7113687278746212
0 8 -0.4451093581786979
0 9 -0.8902187163573958
0 10 -0.30776214871495877
0 11 -0.6155242974299175
0 12 1.171184731881193
0 13 2.342369463762386
0 14 -1.059409668470271
0 15 -2.118819336940542
0 16 0.5103788610424493
0 17 1.0207577220848987
0 18 -0.605231995646861
0 19 -1.210463991293722
0 20 1.6141469688943302
0 21 3.2282939377886604
0 22 -0.864547124756926
0 23 -1.729094249513852
0 24 -1.0055731914958137
0 25 -2.0111463829916274
0 26 0.44774854452108204
0 27 0.8954970890421641
0 28 2.4963665375974426
0 29 4.992733075194885
0 30 1.5510993956876702
0 31 3.1021987913753404
0 32 -1.547300892302235
0 33 -3.09460178460447
0 34 -1.6972605613804133
0 35 -3.3945211227608265
0 36 0.4633056636094812
0 37 0.9266113272189624
0 38 0.17438525170548713
0 39 0.34877050341097426
1 38.50339500449275
1 2 8.881784197001252e-16
1 3 1.7763568394002505e-15
1 4 -5.465059445334134
1 5 -10.930118890668268
1 6 2.7113687278746212
1 7 5.4227374557492425
1 8 -0.8902187163573958
1 9 -1.7804374327147916
1 10 -0.6155242974299175
1 11 -1.231048594859835
1 12 2.342369463762386
1 13 4.684738927524772
1 14 -2.118819336940542
1 15 -4.237638673881084
1 16 1.0207577220848987
1 17 2.0415154441697974
1 18 -1.210463991293722
1 19 -2.420927982587444
1 20 3.2282939377886604
1 21 6.456587875577321
1 22 -1.729094249513852
1 23 -3.458188499027704
1 24 -2.0111463829916274
1 25 -4.022292765983255
1 26 0.8954970890421641
1 27 1.7909941780843281
1 28 4.992733075194885
1 29 9.98546615038977
1 30 3.1021987913753404
1 31 6.204397582750681
1 32 -3.09460178460447
1 33 -6.18920356920894
1 34 -3.3945211227608265
1 35 -6.789042245521653
1 36 0.9266113272189624
1 37 1.8532226544379249
1 38 0.34877050341097426
1 39 0.6975410068219485
2 -10.061636882041865
2 3 17.68475068218245
2 4 -1.3556843639373108
2 5 -2.7113687278746217
2 6 -2.732529722667067
2 7 -5.465059445334134
2 8 0.30776214871495877
2 9 0.6155242974299175
2 10 -0.44510935817869796
2 11 -0.8902187163573959
2 12 1.0594096684702712
2 13 2.1188193369405424
2 14 1.171184731881193
2 15 2.342369463762386
2 16 0.6052319956468609
2 17 1.2104639912937218
2 18 0.5103788610424493
2 19 1.0207577220848987
2 20 0.8645471247569259
2 21 1.7290942495138517
2 22 1.6141469688943302
2 23 3.2282939377886604
2 24 -0.4477485445210818
2 25 -0.8954970890421636
2 26 -1.0055731914958137
2 27 -2.0111463829916274
2 28 -1.5510993956876697
2 29 -3.1021987913753395
2 30 2.496366537597442
2 31 4.992733075194884
2 32 1.697260561380413
2 33 3.394521122760826
2 34 -1.547300892302235
2 35 -3.09460178460447
2 36 -0.17438525170548713
2 37 -0.34877050341097426
2 38 0.46330566360948144
2 39 0.9266113272189629
3 -11.280898422992507
3 4 -2.7113687278746217
3 5 -5.422737455749243
3 6 -5.465059445334134
3 7 -10.930118890668268
3 8 0.6155242974299175
3 9 1.231048594859835
3 10 -0.8902187163573959
3 11 -1.7804374327147918
3 12 2.1188193369405424
3 13 4.237638673881085
3 14 2.342369463762386
3 15 4.684738927524772
3 16 1.2104639912937218
3 17 2.4209279825874437
3 18 1.0207577220848987
3 19 2.0415154441697974
3 20 1.7290942495138517
3 21 3.4581884990277034
3 22 3.2282939377886604
3 23 6.456587875577321
3 24 -0.8954970890421636
3 25 -1.7909941780843273
3 26 -2.0111463829916274
3 27 -4.022292765983255
3 28 -3.1021987913753395
3 29 -6.204397582750679
3 30 4.992733075194884
3 31 9.985466150389769
3 32 3.394521122760826
3 33 6.789042245521652
3 34 -3.09460178460447
3 35 -6.18920356920894
3 36 -0.34877050341097426
3 37 -0.6975410068219485
3 38 0.9266113272189629
3 39 1.8532226544379258
4 -0.7192493141782115
4 5 10.423763796967279
4 6 3.3306690738754696e-16
4 7 6.661338147750939e-16
4 8 0.5375502728840191
4 9 1.0751005457680383
4 10 0.44092638948402496
4 11 0.8818527789680499
4 12 -0.37860049107883603
4 13 -0.7572009821576721
4 14 -0.7130636820058784
4 15 -1.4261273640117569
4 16 -0.435366497890453
4 17 -0.870732995780906
4 18 0.4279965080263112
4 19 0.8559930160526223
4 20 1.3031788806283613
4 21 2.6063577612567226
4 22 -0.6526565100653492
4 23 -1.3053130201306984
4 24 0.3356126052635967
4 25 0.6712252105271934
4 26 -1.1999992263889043
4 27 -2.3999984527778087
4 28 0.09817546598880775
4 29 0.1963509319776155
4 30 -1.1378229512098306
4 31 -2.275645902419661
4 32 0.27938864672921837
4 33 0.5587772934584367
4 34 0.0764689504541365
4 35 0.152937900908273
4 36 -0.30214968394383956
4 37 -0.6042993678876791
4 38 -2.46823139279808
4 39 -4.93646278559616
5 3.7733832701272148
5 6 6.661338147750939e-16
5 7 1.3322676295501878e-15
5 8 1.0751005457680383
5 9 2.1502010915360765
5 10 0.8818527789680499
5 11 1.7637055579360998
5 12 -0.7572009821576721
5 13 -1.5144019643153441
5 14 -1.4261273640117569
5 15 -2.8522547280235138
5 16 -0.870732995780906
5 17 -1.741465991561812
5 18 0.8559930160526223
5 19 1.7119860321052447
5 20 2.6063577612567226
5 21 5.212715522513445
5 22 -1.3053130201306984
5 23 -2.6106260402613968
5 24 0.6712252105271934
5 25 1.3424504210543868
5 26 -2.3999984527778087
5 27 -4.799996905555617
5 28 0.1963509319776155
5 29 0.392701863955231
5 30 -2.275645902419661
5 31 -4.551291804839322
5 32 0.5587772934584367
5 33 1.1175545869168735
5 34 0.152937900908273
5 35 0.305875801816546
5 36 -0.6042993678876791
5 37 -1.2085987357753583
5 38 -4.93646278559616
5 39 -9.87292557119232
6 -6.186339782613064
6 7 10.423763796967279
6 8 -0.44092638948402463
6 9 -0.8818527789680493
6 10 0.5375502728840194
6 11 1.0751005457680387
6 12 0.7130636820058786
6 13 1.426127364011757
6 14 -0.3786004910788359
6 15 -0.7572009821576718
6 16 -0.4279965080263114
6 17 -0.8559930160526228
6 18 -0.4353664978904531
6 19 -0.8707329957809062
6 20 0.6526565100653492
6 21 1.3053130201306984
6 22 1.3031788806283613
6 23 2.6063577612567226
6 24 1.1999992263889045
6 25 2.399998452777809
6 26 0.3356126052635968
6 27 0.6712252105271936
6 28 1.1378229512098306
6 29 2.275645902419661
6 30 0.09817546598880764
6 31 0.19635093197761527
6 32 -0.07646895045413642
6 33 -0.15293790090827283
6 34 0.2793886467292184
6 35 0.5587772934584369
6 36 2.4682313927980797
6 37 4.936462785596159
6 38 -0.30214968394383956
6 39 -0.6042993678876791
7 -7.160797666742489
7 8 -0.8818527789680493
7 9 -1.7637055579360985
7 10 1.0751005457680387
7 11 2.1502010915360774
7 12 1.426127364011757
7 13 2.852254728023514
7 14 -0.7572009821576718
7 15 -1.5144019643153437
7 16 -0.8559930160526228
7 17 -1.7119860321052456
7 18 -0.8707329957809062
7 19 -1.7414659915618125
7 20 1.3053130201306984
7 21 2.6106260402613968
7 22 2.6063577612567226
7 23 5.212715522513445
7 24 2.399998452777809
7 25 4.799996905555618
7 26 0.6712252105271936
7 27 1.3424504210543873
7 28 2.275645902419661
7 29 4.551291804839322
7 30 0.19635093197761527
7 31 0.39270186395523055
7 32 -0.15293790090827283
7 33 -0.30587580181654567
7 34 0.5587772934584369
7 35 1.1175545869168737
7 36 4.936462785596159
7 37 9.872925571192319
7 38 -0.6042993678876791
7 39 -1.2085987357753583
8 10.984601721444307
8 9 14.954136683659069
8 10 5.551115123125783e-16
8 11 1.1102230246251565e-15
8 12 -0.37041139472727114
8 13 -0.7408227894545423
8 14 -1.7282344235211595
8 15 -3.456468847042319
8 16 1.2872517204866505
8 17 2.574503440973301
8 18 0.26293754110098794
8 19 0.5258750822019759
8 20 -0.19221395860814539
8 21 -0.38442791721629077
8 22 0.34215275974343506
8 23 0.6843055194868701
8 24 -1.2661076636509798
8 25 -2.5322153273019596
8 26 2.03001858224566
8 27 4.06003716449132
8 28 -0.5006298561675417
8 29 -1.0012597123350835
8 30 -0.6340263889634961
8 31 -1.2680527779269921
8 32 -0.8867779297097427
8 33 -1.7735558594194853
8 34 1.3202447660941377
8 35 2.6404895321882753
8 36 -0.8105153217377941
8 37 -1.6210306434755881
8 38 -1.5353691758576855
8 39 -3.070738351715371
9 29.44627178471815
9 10 1.1102230246251565e-15
9 11 2.220446049250313e-15
9 12 -0.7408227894545423
9 13 -1.4816455789090845
9 14 -3.456468847042319
9 15 -6.912937694084638
9 16 2.574503440973301
9 17 5.149006881946602
9 18 0.5258750822019759
9 19 1.0517501644039517
9 20 -0.38442791721629077
9 21 -0.7688558344325815
9 22 0.6843055194868701
9 23 1.3686110389737403
9 24 -2.5322153273019596
9 25 -5.064430654603919
9 26 4.06003716449132
9 27 8.12007432898264
9 28 -1.0012597123350835
9 29 -2.002519424670167
9 30 -1.2680527779269921
9 31 -2.5361055558539842
9 32 -1.7735558594194853
9 33 -3.5471117188389707
9 34 2.6404895321882753
9 35 5.280979064376551
9 36 -1.6210306434755881
9 37 -3.2420612869511762
9 38 -3.070738351715371
9 39 -6.141476703430742
10 -0.28500219834533125
10 11 14.954136683659069
10 12 1.7282344235211595
10 13 3.456468847042319
10 14 -0.37041139472727136
10 15 -0.7408227894545427
10 16 -0.26293754110098755
10 17 -0.5258750822019751
10 18 1.2872517204866505
10 19 2.574503440973301
10 20 -0.34215275974343484
10 21 -0.6843055194868697
10 22 -0.1922139586081456
10 23 -0.3844279172162912
10 24 -2.0300185822456602
10 25 -4.0600371644913205
10 26 -1.2661076636509798
10 27 -2.5322153273019596
10 28 0.6340263889634958
10 29 1.2680527779269917
10 30 -0.500629856167542
10 31 -1.001259712335084
10 32 -1.3202447660941377
10 33 -2.6404895321882753
10 34 -0.8867779297097427
10 35 -1.7735558594194853
10 36 1.5353691758576855
10 37 3.070738351715371
10 38 -0.8105153217377941
10 39 -1.6210306434755881
11 6.907063945138875
11 12 3.456468847042319
11 13 6.912937694084638
11 14 -0.7408227894545427
11 15 -1.4816455789090854
11 16 -0.5258750822019751
11 17 -1.0517501644039502
11 18 2.574503440973301
11 19 5.149006881946602
11 20 -0.6843055194868697
11 21 -1.3686110389737394
11 22 -0.3844279172162912
11 23 -0.7688558344325824
11 24 -4.0600371644913205
11 25 -8.120074328982641
11 26 -2.5322153273019596
11 27 -5.064430654603919
11 28 1.2680527779269917
11 29 2.5361055558539833
11 30 -1.001259712335084
11 31 -2.002519424670168
11 32 -2.6404895321882753
11 33 -5.280979064376551
11 34 -1.7735558594194853
11 35 -3.5471117188389707
11 36 3.070738351715371
11 37 6.141476703430742
11 38 -1.6210306434755881
11 39 -3.2420612869511762
12 -22.201025008746083
12 13 11.762531464555407
12 14 2.220446049250313e-16
12 15 4.440892098500626e-16
12 16 -0.1405995607427188
12 17 -0.2811991214854376
12 18 1.1498131612161953
12 19 2.2996263224323905
12 20 1.3832319166421436
12 21 2.7664638332842872
12 22 3.9008543780242926
12 23 7.801708756048585
12 24 1.896858034546689
12 25 3.793716069093378
12 26 -0.45957016589161104
12 27 -0.9191403317832221
12 28 1.7885614596216006
12 29 3.5771229192432012
12 30 -1.503471470308601
12 31 -3.006942940617202
12 32 0.09513737659426802
12 33 0.19027475318853604
12 34 -0.21360076716885645
12 35 -0.4272015343377129
12 36 1.3676275911023223
12 37 2.7352551822046447
12 38 0.28589957712360164
12 39 0.5717991542472033
13 -38.52078428521446
13 14 4.440892098500626e-16
13 15 8.881784197001252e-16
13 16 -0.2811991214854376
13 17 -0.5623982429708752
13 18 2.2996263224323905
13 19 4.599252644864781
13 20 2.7664638332842872
13 21 5.5329276665685745
13 22 7.801708756048585
13 23 15.60341751209717
13 24 3.793716069093378
13 25 7.587432138186756
13 26 -0.9191403317832221
13 27 -1.8382806635664442
13 28 3.5771229192432012
13 29 7.1542458384864025
13 30 -3.006942940617202
13 31 -6.013885881234404
13 32 0.19027475318853604
13 33 0.3805495063770721
13 34 -0.4272015343377129
13 35 -0.8544030686754258
13 36 2.7352551822046447
13 37 5.470510364409289
13 38 0.5717991542472033
13 39 1.1435983084944066
14 -17.583068913464437
14 15 11.762531464555405
14 16 -1.149813161216195
14 17 -2.29962632243239
14 18 -0.14059956074271895
14 19 -0.2811991214854379
14 20 -3.900854378024293
14 21 -7.801708756048586
14 22 1.3832319166421434
14 23 2.766463833284287
14 24 0.45957016589161104
14 25 0.9191403317832221
14 26 1.896858034546689
14 27 3.793716069093378
14 28 1.5034714703086012
14 29 3.0069429406172024
14 30 1.7885614596216008
14 31 3.5771229192432017
14 32 0.21360076716885645
14 33 0.4272015343377129
14 34 0.0951373765942681
14 35 0.1902747531885362
14 36 -0.2858995771236015
14 37 -0.571799154247203
14 38 1.3676275911023223
14 39 2.7352551822046447
15 -29.284872094651178
15 16 -2.29962632243239
15 17 -4.59925264486478
15 18 -0.2811991214854379
15 19 -0.5623982429708758
15 20 -7.801708756048586
15 21 -15.603417512097172
15 22 2.766463833284287
15 23 5.532927666568574
15 24 0.9191403317832221
15 25 1.8382806635664442
15 26 3.793716069093378
15 27 7.587432138186756
15 28 3.0069429406172024
15 29 6.013885881234405
15 30 3.5771229192432017
15 31 7.154245838486403
15 32 0.4272015343377129
15 33 0.8544030686754258
15 34 0.1902747531885362
15 35 0.3805495063770724
15 36 -0.571799154247203
15 37 -1.143598308494406
15 38 2.7352551822046447
15 39 5.470510364409289
16 -4.793298197850763
16 17 13.86103660063694
16 18 4.440892098500626e-16
16 19 8.881784197001252e-16
16 20 4.604163146813713
16 21 9.208326293627426
16 22 -0.7599694116896171
16 23 -1.5199388233792341
16 24 -0.3815673202553177
16 25 -0.7631346405106354
16 26 -0.2713742283432349
16 27 -0.5427484566864698
16 28 -1.1856440559356678
16 29 -2.3712881118713356
16 30 2.0157114056422505
16 31 4.031422811284501
16 32 -2.1558372860818187
16 33 -4.311674572163637
16 34 -0.8946597271265216
16 35 -1.7893194542530433
16 36 -0.5686890223286495
16 37 -1.137378044657299
16 38 1.6361201294863643
16 39 3.2722402589727286
17 -2.656078095383057
17 18 8.881784197001252e-16
17 19 1.7763568394002505e-15
17 20 9.208326293627426
17 21 18.416652587254852
17 22 -1.5199388233792341
17 23 -3.0398776467584683
17 24 -0.7631346405106354
17 25 -1.5262692810212708
17 26 -0.5427484566864698
17 27 -1.0854969133729395
17 28 -2.3712881118713356
17 29 -4.742576223742671
17 30 4.031422811284501
17 31 8.062845622569002
17 32 -4.311674572163637
17 33 -8.623349144327275
17 34 -1.7893194542530433
17 35 -3.5786389085060866
17 36 -1.137378044657299
17 37 -2.274756089314598
17 38 3.2722402589727286
17 39 6.544480517945457
18 -25.265470146140952
18 19 13.861036600636941
18 20 0.7599694116896176
18 21 1.5199388233792352
18 22 4.604163146813713
18 23 9.208326293627426
18 24 0.27137422834323477
18 25 0.5427484566864695
18 26 -0.3815673202553177
18 27 -0.7631346405106354
18 28 -2.015711405642251
18 29 -4.031422811284502
18 30 -1.1856440559356676
18 31 -2.371288111871335
18 32 0.8946597271265216
18 33 1.7893194542530433
18 34 -2.1558372860818187
18 35 -4.311674572163637
18 36 -1.6361201294863643
18 37 -3.2722402589727286
18 38 -0.5686890223286494
18 39 -1.1373780446572987
19 -43.60042199196343
19 20 1.5199388233792352
19 21 3.0398776467584705
19 22 9.208326293627426
19 23 18.416652587254852
19 24 0.5427484566864695
19 25 1.085496913372939
19 26 -0.7631346405106354
19 27 -1.5262692810212708
19 28 -4.031422811284502
19 29 -8.062845622569004
19 30 -2.371288111871335
19 31 -4.74257622374267
19 32 1.7893194542530433
19 33 3.5786389085060866
19 34 -4.311674572163637
19 35 -8.623349144327275
19 36 -3.2722402589727286
19 37 -6.544480517945457
19 38 -1.1373780446572987
19 39 -2.2747560893145975
20 -18.107589727829993
20 21 23.02460899267476
20 22 8.326672684688674e-16
20 23 1.6653345369377348e-15
20 24 0.8855619745339842
20 25 1.7711239490679684
20 26 -1.7399678719243985
20 27 -3.479935743848797
20 28 0.3092791514403499
20 29 0.6185583028806998
20 30 2.0276549583700736
20 31 4.055309916740147
20 32 1.323225429315389
20 33 2.646450858630778
20 34 -4.565987389241612
20 35 -9.131974778483224
20 36 2.016574584876822
20 37 4.033149169753644
20 38 2.2930136295717887
20 39 4.586027259143577
21 -24.702874959322603
21 22 1.6653345369377348e-15
21 23 3.3306690738754696e-15
21 24 1.7711239490679684
21 25 3.542247898135937
21 26 -3.479935743848797
21 27 -6.959871487697594
21 28 0.6185583028806998
21 29 1.2371166057613996
21 30 4.055309916740147
21 31 8.110619833480294
21 32 2.646450858630778
21 33 5.292901717261556
21 34 -9.131974778483224
21 35 -18.26394955696645
21 36 4.033149169753644
21 37 8.066298339507288
21 38 4.586027259143577
21 39 9.172054518287155
22 -52.535575496526825
22 23 23.02460899267476
22 24 1.7399678719243985
22 25 3.479935743848797
22 26 0.8855619745339843
22 27 1.7711239490679687
22 28 -2.027654958370073
22 29 -4.055309916740146
22 30 0.3092791514403499
22 31 0.6185583028806998
22 32 4.565987389241612
22 33 9.131974778483224
22 34 1.3232254293153887
22 35 2.6464508586307773
22 36 -2.2930136295717887
22 37 -4.586027259143577
22 38 2.016574584876822
22 39 4.033149169753644
23 -93.55884649671627
23 24 3.479935743848797
23 25 6.959871487697594
23 26 1.7711239490679687
23 27 3.5422478981359373
23 28 -4.055309916740146
23 29 -8.110619833480293
23 30 0.6185583028806998
23 31 1.2371166057613996
23 32 9.131974778483224
23 33 18.26394955696645
23 34 2.6464508586307773
23 35 5.292901717261555
23 36 -4.586027259143577
23 37 -9.172054518287155
23 38 4.033149169753644
23 39 8.066298339507288
24 -15.424133250135919
24 25 9.38434817747335
24 26 3.3306690738754696e-16
24 27 6.661338147750939e-16
24 28 -0.20037772330597603
24 29 -0.40075544661195206
24 30 -0.2608008958783187
24 31 -0.5216017917566373
24 32 1.3384012838969062
24 33 2.6768025677938123
24 34 0.5947884561921686
24 35 1.1895769123843372
24 36 1.0343679628319717
24 37 2.0687359256639435
24 38 -0.30792188357035355
24 39 -0.6158437671407071
25 -26.156092411535163
25 26 6.661338147750939e-16
25 27 1.3322676295501878e-15
25 28 -0.40075544661195206
25 29 -0.8015108932239041
25 30 -0.5216017917566373
25 31 -1.0432035835132747
25 32 2.6768025677938123
25 33 5.353605135587625
25 34 1.1895769123843372
25 35 2.3791538247686743
25 36 2.0687359256639435
25 37 4.137471851327887
25 38 -0.6158437671407071
25 39 -1.2316875342814142
26 -2.56672197528473
26 27 9.384348177473349
26 28 0.2608008958783187
26 29 0.5216017917566373
26 30 -0.20037772330597595
26 31 -0.4007554466119519
26 32 -0.5947884561921685
26 33 -1.189576912384337
26 34 1.3384012838969062
26 35 2.6768025677938123
26 36 0.3079218835703537
26 37 0.6158437671407074
26 38 1.0343679628319715
26 39 2.068735925663943
27 -0.4412698618327848
27 28 0.5216017917566373
27 29 1.0432035835132747
27 30 -0.4007554466119519
27 31 -0.8015108932239038
27 32 -1.189576912384337
27 33 -2.379153824768674
27 34 2.6768025677938123
27 35 5.353605135587625
27 36 0.6158437671407074
27 37 1.2316875342814149
27 38 2.068735925663943
27 39 4.137471851327886
28 4.035528325160506
28 29 11.175688027809201
28 30 3.3306690738754696e-16
28 31 6.661338147750939e-16
28 32 -1.4927005100737691
28 33 -2.9854010201475383
28 34 -1.5865760927296546
28 35 -3.173152185459309
28 36 1.7038471765175764
28 37 3.407694353035153
28 38 0.6105537106942963
28 39 1.2211074213885926
29 13.658900664225612
29 30 6.661338147750939e-16
29 31 1.3322676295501878e-15
29 32 -2.9854010201475383
29 33 -5.9708020402950766
29 34 -3.173152185459309
29 35 -6.346304370918618
29 36 3.407694353035153
29 37 6.815388706070306
29 38 1.2211074213885926
29 39 2.4422148427771853
30 -11.68062799004598
30 31 11.175688027809201
30 32 1.5865760927296546
30 33 3.173152185459309
30 34 -1.4927005100737696
30 35 -2.985401020147539
30 36 -0.6105537106942958
30 37 -1.2211074213885915
30 38 1.7038471765175762
30 39 3.4076943530351524
31 -17.77341196618736
31 32 3.173152185459309
31 33 6.346304370918618
31 34 -2.985401020147539
31 35 -5.970802040295078
31 36 -1.2211074213885915
31 37 -2.442214842777183
31 38 3.4076943530351524
31 39 6.815388706070305
32 -21.7348820558167
32 33 12.1292668208343
32 34 3.3306690738754696e-16
32 35 6.661338147750939e-16
32 36 -1.8404749540392957
32 37 -3.6809499080785915
32 38 1.0284325274654678
32 39 2.0568650549309355
33 -37.40513070121626
33 34 6.661338147750939e-16
33 35 1.3322676295501878e-15
33 36 -3.6809499080785915
33 37 -7.361899816157183
33 38 2.0568650549309355
33 39 4.113730109861871
34 17.52428760499558
34 35 12.1292668208343
34 36 -1.028432527465468
34 37 -2.056865054930936
34 38 -1.8404749540392955
34 39 -3.680949908078591
35 41.1132086204083
35 36 -2.056865054930936
35 37 -4.113730109861872
35 38 -3.680949908078591
35 39 -7.361899816157182
36 3.5072251774008527
36 37 14.531030938658198
36 38 2.7755575615628914e-16
36 39 5.551115123125783e-16
37 14.279965824130803
37 38 5.551115123125783e-16
37 39 1.1102230246251565e-15
38 -23.54522749049629
38 39 14.531030938658198
39 -39.82493951166348
