40
1100111011000101001101001111110110110001
0 16.974867227600452
0 1 15.164369555947797
0 2 4.440892098500626e-16
0 3 8.881784197001252e-16
0 4 0.10157979730649502
0 5 0.20315959461299005
0 6 2.117476255627441
0 7 4.234952511254882
0 8 -0.08512350419967796
0 9 -0.17024700839935591
0 10 1.3992882176576813
0 11 2.7985764353153626
0 12 3.8421745527506017
0 13 7.684349105501203
0 14 -1.4522022796546628
0 15 -2.9044045593093255
0 16 -0.5996843733315904
0 17 -1.1993687466631808
0 18 -1.672871243840769
0 19 -3.345742487681538
0 20 -0.8632653963868278
0 21 -1.7265307927736555
0 22 -0.5264982933643045
0 23 -1.052996586728609
0 24 -0.07587048551213534
0 25 -0.15174097102427067
0 26 0.5246018585987723
0 27 1.0492037171975446
0 28 0.4546625071027811
0 29 0.9093250142055622
0 30 -0.9938466059661044
0 31 -1.9876932119322088
0 32 -3.052513372375416
0 33 -6.105026744750832
0 34 1.5830760209381527
0 35 3.1661520418763054
0 36 1.055609073035954
0 37 2.111218146071908
0 38 -1.7566802947962443
0 39 -3.5133605895924886
1 41.531919233174804
1 2 8.881784197001252e-16
1 3 1.7763568394002505e-15
1 4 0.20315959461299005
1 5 0.4063191892259801
1 6 4.234952511254882
1 7 8.469905022509764
1 8 -0.17024700839935591
1 9 -0.34049401679871183
1 10 2.7985764353153626
1 11 5.597152870630725
1 12 7.684349105501203
1 13 15.368698211002407
1 14 -2.9044045593093255
1 15 -5.808809118618651
1 16 -1.1993687466631808
1 17 -2.3987374933263617
1 18 -3.345742487681538
1 19 -6.691484975363076
1 20 -1.7265307927736555
1 21 -3.453061585547311
1 22 -1.052996586728609
1 23 -2.105993173457218
1 24 -0.15174097102427067
1 25 -0.30348194204854134
1 26 1.0492037171975446
1 27 2.098407434395089
1 28 0.9093250142055622
1 29 1.8186500284111244
1 30 -1.9876932119322088
1 31 -3.9753864238644177
1 32 -6.105026744750832
1 33 -12.210053489501664
1 34 3.1661520418763054
1 35 6.332304083752611
1 36 2.111218146071908
1 37 4.222436292143816
1 38 -3.5133605895924886
1 39 -7.026721179184977
2 -8.56415520674107
2 3 15.164369555947797
2 4 -2.117476255627441
2 5 -4.234952511254882
2 6 0.10157979730649491
2 7 0.20315959461298982
2 8 -1.3992882176576817
2 9 -2.7985764353153635
2 10 -0.08512350419967796
2 11 -0.17024700839935591
2 12 1.452202279654663
2 13 2.904404559309326
2 14 3.8421745527506017
2 15 7.684349105501203
2 16 1.6728712438407694
2 17 3.3457424876815387
2 18 -0.5996843733315905
2 19 -1.199368746663181
2 20 0.5264982933643042
2 21 1.0529965867286084
2 22 -0.8632653963868276
2 23 -1.7265307927736553
2 24 -0.5246018585987726
2 25 -1.0492037171975452
2 26 -0.07587048551213514
2 27 -0.15174097102427028
2 28 0.9938466059661052
2 29 1.9876932119322104
2 30 0.4546625071027812
2 31 0.9093250142055624
2 32 -1.5830760209381531
2 33 -3.1661520418763063
2 34 -3.052513372375416
2 35 -6.105026744750832
2 36 1.7566802947962445
2 37 3.513360589592489
2 38 1.0556090730359537
2 39 2.1112181460719075
3 -9.54612563550824
3 4 -4.234952511254882
3 5 -8.469905022509764
3 6 0.20315959461298982
3 7 0.40631918922597965
3 8 -2.7985764353153635
3 9 -5.597152870630727
3 10 -0.17024700839935591
3 11 -0.34049401679871183
3 12 2.904404559309326
3 13 5.808809118618652
3 14 7.684349105501203
3 15 15.368698211002407
3 16 3.3457424876815387
3 17 6.691484975363077
3 18 -1.199368746663181
3 19 -2.398737493326362
3 20 1.0529965867286084
3 21 2.105993173457217
3 22 -1.7265307927736553
3 23 -3.4530615855473106
3 24 -1.0492037171975452
3 25 -2.0984074343950905
3 26 -0.15174097102427028
3 27 -0.30348194204854056
3 28 1.9876932119322104
3 29 3.9753864238644208
3 30 0.9093250142055624
3 31 1.8186500284111249
3 32 -3.1661520418763063
3 33 -6.3323040837526126
3 34 -6.105026744750832
3 35 -12.210053489501664
3 36 3.513360589592489
3 37 7.026721179184978
3 38 2.1112181460719075
3 39 4.222436292143815
4 -19.83873065958892
4 5 18.150030056003352
4 6 4.440892098500626e-16
4 7 8.881784197001252e-16
4 8 -1.2790622778621523
4 9 -2.5581245557243046
4 10 0.2902327970838381
4 11 0.5804655941676762
4 12 -3.076493228689073
4 13 -6.152986457378146
4 14 -0.7972751696203701
4 15 -1.5945503392407403
4 16 2.3774899001902776
4 17 4.754979800380555
4 18 -1.5812322999783235
4 19 -3.162464599956647
4 20 0.3048567406374081
4 21 0.6097134812748162
4 22 0.25450483529728696
4 23 0.5090096705945739
4 24 1.825342385106936
4 25 3.650684770213872
4 26 0.07189348737566159
4 27 0.14378697475132318
4 28 -0.40941457499303735
4 29 -0.8188291499860747
4 30 -0.022528702137835643
4 31 -0.04505740427567129
4 32 0.07339804793281257
4 33 0.14679609586562514
4 34 -1.0287940267829094
4 35 -2.057588053565819
4 36 3.2230392571943858
4 37 6.4460785143887716
4 38 -1.2992226705059906
4 39 -2.598445341011981
5 -30.60244629117616
5 6 8.881784197001252e-16
5 7 1.7763568394002505e-15
5 8 -2.5581245557243046
5 9 -5.116249111448609
5 10 0.5804655941676762
5 11 1.1609311883353524
5 12 -6.152986457378146
5 13 -12.305972914756293
5 14 -1.5945503392407403
5 15 -3.1891006784814806
5 16 4.754979800380555
5 17 9.50995960076111
5 18 -3.162464599956647
5 19 -6.324929199913294
5 20 0.6097134812748162
5 21 1.2194269625496323
5 22 0.5090096705945739
5 23 1.0180193411891478
5 24 3.650684770213872
5 25 7.301369540427744
5 26 0.14378697475132318
5 27 0.28757394950264636
5 28 -0.8188291499860747
5 29 -1.6376582999721494
5 30 -0.04505740427567129
5 31 -0.09011480855134257
5 32 0.14679609586562514
5 33 0.2935921917312503
5 34 -2.057588053565819
5 35 -4.115176107131638
5 36 6.4460785143887716
5 37 12.892157028777543
5 38 -2.598445341011981
5 39 -5.196890682023962
6 -23.088656822344014
6 7 18.150030056003352
6 8 -0.29023279708383826
6 9 -0.5804655941676765
6 10 -1.2790622778621523
6 11 -2.5581245557243046
6 12 0.7972751696203699
6 13 1.5945503392407399
6 14 -3.076493228689073
6 15 -6.152986457378146
6 16 1.5812322999783235
6 17 3.162464599956647
6 18 2.3774899001902776
6 19 4.754979800380555
6 20 -0.254504835297287
6 21 -0.509009670594574
6 22 0.30485674063740803
6 23 0.6097134812748161
6 24 -0.07189348737566115
6 25 -0.1437869747513223
6 26 1.8253423851069361
6 27 3.6506847702138723
6 28 0.022528702137835532
6 29 0.045057404275671065
6 30 -0.4094145749930375
6 31 -0.818829149986075
6 32 1.0287940267829094
6 33 2.057588053565819
6 34 0.07339804793281249
6 35 0.14679609586562498
6 36 1.2992226705059906
6 37 2.598445341011981
6 38 3.2230392571943853
6 39 6.446078514388771
7 -37.102298616686355
7 8 -0.5804655941676765
7 9 -1.160931188335353
7 10 -2.5581245557243046
7 11 -5.116249111448609
7 12 1.5945503392407399
7 13 3.1891006784814797
7 14 -6.152986457378146
7 15 -12.305972914756293
7 16 3.162464599956647
7 17 6.324929199913294
7 18 4.754979800380555
7 19 9.50995960076111
7 20 -0.509009670594574
7 21 -1.018019341189148
7 22 0.6097134812748161
7 23 1.2194269625496321
7 24 -0.1437869747513223
7 25 -0.2875739495026446
7 26 3.6506847702138723
7 27 7.3013695404277446
7 28 0.045057404275671065
7 29 0.09011480855134213
7 30 -0.818829149986075
7 31 -1.63765829997215
7 32 2.057588053565819
7 33 4.115176107131638
7 34 0.14679609586562498
7 35 0.29359219173124995
7 36 2.598445341011981
7 37 5.196890682023962
7 38 6.446078514388771
7 39 12.892157028777541
8 8.8152789004629
8 9 10.581337798827356
8 10 2.220446049250313e-16
8 11 4.440892098500626e-16
8 12 4.357454836193397
8 13 8.714909672386794
8 14 -0.19472575144036242
8 15 -0.38945150288072483
8 16 0.2547410621339852
8 17 0.5094821242679703
8 18 -1.7174489037224532
8 19 -3.4348978074449064
8 20 1.5195042056233352
8 21 3.0390084112466704
8 22 -0.8367766591529113
8 23 -1.6735533183058227
8 24 0.4801818282335355
8 25 0.960363656467071
8 26 -1.1916450277928559
8 27 -2.3832900555857117
8 28 -1.9225875437039806
8 29 -3.845175087407961
8 30 1.6527503897031899
8 31 3.3055007794063798
8 32 -0.1554884847099388
8 33 -0.3109769694198776
8 34 0.9853684906006318
8 35 1.9707369812012636
8 36 0.8556582285248902
8 37 1.7113164570497803
8 38 0.555752236710388
8 39 1.111504473420776
9 22.92122670033948
9 10 4.440892098500626e-16
9 11 8.881784197001252e-16
9 12 8.714909672386794
9 13 17.429819344773588
9 14 -0.38945150288072483
9 15 -0.7789030057614497
9 16 0.5094821242679703
9 17 1.0189642485359407
9 18 -3.4348978074449064
9 19 -6.869795614889813
9 20 3.0390084112466704
9 21 6.078016822493341
9 22 -1.6735533183058227
9 23 -3.3471066366116453
9 24 0.960363656467071
9 25 1.920727312934142
9 26 -2.3832900555857117
9 27 -4.766580111171423
9 28 -3.845175087407961
9 29 -7.690350174815922
9 30 3.3055007794063798
9 31 6.6110015588127595
9 32 -0.3109769694198776
9 33 -0.6219539388397552
9 34 1.9707369812012636
9 35 3.9414739624025272
9 36 1.7113164570497803
9 37 3.4226329140995606
9 38 1.111504473420776
9 39 2.223008946841552
10 -17.638755205075576
10 11 10.581337798827356
10 12 0.19472575144036286
10 13 0.3894515028807257
10 14 4.357454836193397
10 15 8.714909672386794
10 16 1.717448903722453
10 17 3.434897807444906
10 18 0.2547410621339854
10 19 0.5094821242679708
10 20 0.8367766591529119
10 21 1.6735533183058238
10 22 1.5195042056233352
10 23 3.0390084112466704
10 24 1.1916450277928556
10 25 2.3832900555857113
10 26 0.4801818282335358
10 27 0.9603636564670716
10 28 -1.6527503897031899
10 29 -3.3055007794063798
10 30 -1.9225875437039806
10 31 -3.845175087407961
10 32 -0.9853684906006318
10 33 -1.9707369812012636
10 34 -0.1554884847099387
10 35 -0.3109769694198774
10 36 -0.5557522367103878
10 37 -1.1115044734207755
10 38 0.8556582285248904
10 39 1.7113164570497807
11 -29.986841510737477
11 12 0.3894515028807257
11 13 0.7789030057614514
11 14 8.714909672386794
11 15 17.429819344773588
11 16 3.434897807444906
11 17 6.869795614889812
11 18 0.5094821242679708
11 19 1.0189642485359416
11 20 1.6735533183058238
11 21 3.3471066366116475
11 22 3.0390084112466704
11 23 6.078016822493341
11 24 2.3832900555857113
11 25 4.7665801111714226
11 26 0.9603636564670716
11 27 1.9207273129341431
11 28 -3.3055007794063798
11 29 -6.6110015588127595
11 30 -3.845175087407961
11 31 -7.690350174815922
11 32 -1.9707369812012636
11 33 -3.9414739624025272
11 34 -0.3109769694198774
11 35 -0.6219539388397548
11 36 -1.1115044734207755
11 37 -2.223008946841551
11 38 1.7113164570497807
11 39 3.4226329140995615
12 16.660828178121236
12 13 18.87937822878701
12 14 4.718447854656915e-16
12 15 9.43689570931383e-16
12 16 1.1474131426277419
12 17 2.2948262852554837
12 18 -2.466326308626714
12 19 -4.932652617253428
12 20 0.9440236990899675
12 21 1.888047398179935
12 22 -2.2515870633635418
12 23 -4.5031741267270835
12 24 -0.42717781349588524
12 25 -0.8543556269917705
12 26 -0.22392468446918348
12 27 -0.44784936893836697
12 28 -2.7429608010662494
12 29 -5.485921602132499
12 30 0.6794956282902797
12 31 1.3589912565805593
12 32 -2.7217711063735264
12 33 -5.443542212747053
12 34 0.8803969883419946
12 35 1.7607939766839893
12 36 1.8637639243152644
12 37 3.7275278486305288
12 38 0.6465992741204445
12 39 1.293198548240889
13 42.76134547063597
13 14 9.43689570931383e-16
13 15 1.887379141862766e-15
13 16 2.2948262852554837
13 17 4.589652570510967
13 18 -4.932652617253428
13 19 -9.865305234506856
13 20 1.888047398179935
13 21 3.77609479635987
13 22 -4.5031741267270835
13 23 -9.006348253454167
13 24 -0.8543556269917705
13 25 -1.708711253983541
13 26 -0.44784936893836697
13 27 -0.8956987378767339
13 28 -5.485921602132499
13 29 -10.971843204264998
13 30 1.3589912565805593
13 31 2.7179825131611186
13 32 -5.443542212747053
13 33 -10.887084425494105
13 34 1.7607939766839893
13 35 3.5215879533679786
13 36 3.7275278486305288
13 37 7.4550556972610575
13 38 1.293198548240889
13 39 2.586397096481778
14 -27.134600091521712
14 15 18.87937822878701
14 16 2.4663263086267135
14 17 4.932652617253427
14 18 1.1474131426277419
14 19 2.2948262852554837
14 20 2.2515870633635418
14 21 4.5031741267270835
14 22 0.9440236990899675
14 23 1.888047398179935
14 24 0.22392468446918345
14 25 0.4478493689383669
14 26 -0.427177813495885
14 27 -0.85435562699177
14 28 -0.67949562829028
14 29 -1.35899125658056
14 30 -2.74296080106625
14 31 -5.4859216021325
14 32 -0.8803969883419949
14 33 -1.7607939766839897
14 34 -2.7217711063735264
14 35 -5.443542212747053
14 36 -0.646599274120444
14 37 -1.293198548240888
14 38 1.8637639243152644
14 39 3.7275278486305288
15 -44.829511068649914
15 16 4.932652617253427
15 17 9.865305234506854
15 18 2.2948262852554837
15 19 4.589652570510967
15 20 4.5031741267270835
15 21 9.006348253454167
15 22 1.888047398179935
15 23 3.77609479635987
15 24 0.4478493689383669
15 25 0.8956987378767338
15 26 -0.85435562699177
15 27 -1.70871125398354
15 28 -1.35899125658056
15 29 -2.71798251316112
15 30 -5.4859216021325
15 31 -10.971843204265
15 32 -1.7607939766839897
15 33 -3.5215879533679795
15 34 -5.443542212747053
15 35 -10.887084425494105
15 36 -1.293198548240888
15 37 -2.586397096481776
15 38 3.7275278486305288
15 39 7.4550556972610575
16 -45.01048646750567
16 17 14.075719240920128
16 18 0.0
16 19 0.0
16 20 1.0117174105456985
16 21 2.023434821091397
16 22 -0.3264463378101908
16 23 -0.6528926756203816
16 24 1.890680038610126
16 25 3.781360077220252
16 26 3.516665042767621
16 27 7.033330085535242
16 28 -1.008914265786971
16 29 -2.017828531573942
16 30 -1.8910205280963184
16 31 -3.7820410561926368
16 32 1.528777515035423
16 33 3.057555030070846
16 34 -1.5527049346406927
16 35 -3.1054098692813854
16 36 2.2432497750544553
16 37 4.486499550108911
16 38 2.3199469335417175
16 39 4.639893867083435
17 -82.98311331455129
17 18 0.0
17 19 0.0
17 20 2.023434821091397
17 21 4.046869642182794
17 22 -0.6528926756203816
17 23 -1.3057853512407631
17 24 3.781360077220252
17 25 7.562720154440504
17 26 7.033330085535242
17 27 14.066660171070485
17 28 -2.017828531573942
17 29 -4.035657063147884
17 30 -3.7820410561926368
17 31 -7.5640821123852735
17 32 3.057555030070846
17 33 6.115110060141692
17 34 -3.1054098692813854
17 35 -6.210819738562771
17 36 4.486499550108911
17 37 8.972999100217821
17 38 4.639893867083435
17 39 9.27978773416687
18 -19.91605618560384
18 19 14.075719240920126
18 20 0.32644633781019095
18 21 0.6528926756203819
18 22 1.0117174105456985
18 23 2.023434821091397
18 24 -3.516665042767621
18 25 -7.033330085535242
18 26 1.890680038610126
18 27 3.781360077220252
18 28 1.8910205280963186
18 29 3.782041056192637
18 30 -1.0089142657869707
18 31 -2.0178285315739415
18 32 1.5527049346406927
18 33 3.1054098692813854
18 34 1.5287775150354233
18 35 3.0575550300708465
18 36 -2.3199469335417175
18 37 -4.639893867083435
18 38 2.2432497750544553
18 39 4.486499550108911
19 -32.79425275074762
19 20 0.6528926756203819
19 21 1.3057853512407638
19 22 2.023434821091397
19 23 4.046869642182794
19 24 -7.033330085535242
19 25 -14.066660171070485
19 26 3.781360077220252
19 27 7.562720154440504
19 28 3.782041056192637
19 29 7.564082112385274
19 30 -2.0178285315739415
19 31 -4.035657063147883
19 32 3.1054098692813854
19 33 6.210819738562771
19 34 3.0575550300708465
19 35 6.115110060141693
19 36 -4.639893867083435
19 37 -9.27978773416687
19 38 4.486499550108911
19 39 8.972999100217821
20 -9.27858850219475
20 21 13.165690500856488
20 22 3.3306690738754696e-16
20 23 6.661338147750939e-16
20 24 -2.2051728473058545
20 25 -4.410345694611709
20 26 -0.004207121117030255
20 27 -0.00841424223406051
20 28 -1.7529562813808066
20 29 -3.5059125627616132
20 30 -1.6743736565988137
20 31 -3.3487473131976273
20 32 2.3054916981239253
20 33 4.610983396247851
20 34 -0.7156939075168651
20 35 -1.4313878150337302
20 36 0.562765107432009
20 37 1.125530214864018
20 38 1.5892535084049424
20 39 3.178507016809885
21 -11.974331753961255
21 22 6.661338147750939e-16
21 23 1.3322676295501878e-15
21 24 -4.410345694611709
21 25 -8.820691389223418
21 26 -0.00841424223406051
21 27 -0.01682848446812102
21 28 -3.5059125627616132
21 29 -7.0118251255232265
21 30 -3.3487473131976273
21 31 -6.697494626395255
21 32 4.610983396247851
21 33 9.221966792495701
21 34 -1.4313878150337302
21 35 -2.8627756300674605
21 36 1.125530214864018
21 37 2.251060429728036
21 38 3.178507016809885
21 39 6.35701403361977
22 -12.886239556341856
22 23 13.165690500856488
22 24 0.004207121117030477
22 25 0.008414242234060954
22 26 -2.2051728473058545
22 27 -4.410345694611709
22 28 1.6743736565988132
22 29 3.3487473131976264
22 30 -1.7529562813808068
22 31 -3.5059125627616137
22 32 0.7156939075168655
22 33 1.431387815033731
22 34 2.3054916981239253
22 35 4.610983396247851
22 36 -1.5892535084049424
22 37 -3.178507016809885
22 38 0.5627651074320092
22 39 1.1255302148640185
23 -19.189633862255466
23 24 0.008414242234060954
23 25 0.016828484468121907
23 26 -4.410345694611709
23 27 -8.820691389223418
23 28 3.3487473131976264
23 29 6.697494626395253
23 30 -3.5059125627616137
23 31 -7.011825125523227
23 32 1.431387815033731
23 33 2.862775630067462
23 34 4.610983396247851
23 35 9.221966792495701
23 36 -3.178507016809885
23 37 -6.35701403361977
23 38 1.1255302148640185
23 39 2.251060429728037
24 -6.300653763308145
24 25 13.94100023032442
24 26 4.440892098500626e-16
24 27 8.881784197001252e-16
24 28 -0.4955204968465713
24 29 -0.9910409936931426
24 30 -0.22241974759476202
24 31 -0.44483949518952404
24 32 0.5140528197709895
24 33 1.028105639541979
24 34 -0.1782773545381462
24 35 -0.3565547090762924
24 36 0.129681927886279
24 37 0.259363855772558
24 38 -1.2884498364563874
24 39 -2.576899672912775
25 -5.630807411454079
25 26 8.881784197001252e-16
25 27 1.7763568394002505e-15
25 28 -0.9910409936931426
25 29 -1.9820819873862852
25 30 -0.44483949518952404
25 31 -0.8896789903790481
25 32 1.028105639541979
25 33 2.056211279083958
25 34 -0.3565547090762924
25 35 -0.7131094181525848
25 36 0.259363855772558
25 37 0.518727711545116
25 38 -2.576899672912775
25 39 -5.15379934582555
26 -14.872556825958036
26 27 13.94100023032442
26 28 0.22241974759476202
26 29 0.44483949518952404
26 30 -0.4955204968465713
26 31 -0.9910409936931426
26 32 0.17827735453814642
26 33 0.35655470907629283
26 34 0.5140528197709893
26 35 1.0281056395419785
26 36 1.2884498364563872
26 37 2.5768996729127744
26 38 0.12968192788627894
26 39 0.2593638557725579
27 -22.77461353675386
27 28 0.44483949518952404
27 29 0.8896789903790481
27 30 -0.9910409936931426
27 31 -1.9820819873862852
27 32 0.35655470907629283
27 33 0.7131094181525857
27 34 1.0281056395419785
27 35 2.056211279083957
27 36 2.5768996729127744
27 37 5.153799345825549
27 38 0.2593638557725579
27 39 0.5187277115451158
28 -3.6128479505406847
28 29 16.108520134025852
28 30 2.220446049250313e-16
28 31 4.440892098500626e-16
28 32 2.052335960873668
28 33 4.104671921747336
28 34 2.9867555206689036
28 35 5.973511041337807
28 36 -0.6182705734456126
28 37 -1.2365411468912253
28 38 -1.4226824921152181
28 39 -2.8453649842304363
29 0.8285641659315548
29 30 4.440892098500626e-16
29 31 8.881784197001252e-16
29 32 4.104671921747336
29 33 8.209343843494672
29 34 5.973511041337807
29 35 11.947022082675614
29 36 -1.2365411468912253
29 37 -2.4730822937824506
29 38 -2.8453649842304363
29 39 -5.6907299684608725
30 20.396057852510527
30 31 16.10852013402585
30 32 -2.9867555206689036
30 33 -5.973511041337807
30 34 2.052335960873668
30 35 4.104671921747336
30 36 1.4226824921152177
30 37 2.8453649842304354
30 38 -0.6182705734456131
30 39 -1.2365411468912262
31 48.84637577203398
31 32 -5.973511041337807
31 33 -11.947022082675614
31 34 4.104671921747336
31 35 8.209343843494672
31 36 2.8453649842304354
31 37 5.690729968460871
31 38 -1.2365411468912262
31 39 -2.4730822937824524
32 -16.08656797232528
32 33 13.912747179816723
32 34 5.551115123125783e-16
32 35 1.1102230246251565e-15
32 36 -2.150833636487307
32 37 -4.301667272974614
32 38 1.3583250437751242
32 39 2.7166500875502484
33 -25.216762354742198
33 34 1.1102230246251565e-15
33 35 2.220446049250313e-15
33 36 -4.301667272974614
33 37 -8.603334545949227
33 38 2.7166500875502484
33 39 5.433300175100497
34 10.979200046310176
34 35 13.912747179816723
34 36 -1.3583250437751246
34 37 -2.7166500875502493
34 38 -2.150833636487307
34 39 -4.301667272974614
35 28.91477368252871
35 36 -2.7166500875502493
35 37 -5.433300175100499
35 38 -4.301667272974614
35 39 -8.603334545949227
36 -8.314043348637334
36 37 11.957961726658372
36 38 4.440892098500626e-16
36 39 8.881784197001252e-16
37 -10.649105833945484
37 38 8.881784197001252e-16
37 39 1.7763568394002505e-15
38 -31.221945197838075
38 39 11.957961726658372
39 -56.464909532346965
