40
1100111011000101001101001111110110110001
0 0.3538698241921807
0 1 6.87508074293856
0 2 2.7755575615628914e-16
0 3 5.551115123125783e-16
0 4 0.6886556923493286
0 5 1.377311384698657
0 6 -0.4144154546937286
0 7 -0.8288309093874572
0 8 -2.388231956944506
0 9 -4.776463913889012
0 10 -0.045940150230721344
0 11 -0.09188030046144269
0 12 1.2056880812450705
0 13 2.411376162490141
0 14 -1.1794626701727369
0 15 -2.3589253403454737
0 16 -1.3246988280338952
0 17 -2.6493976560677903
0 18 1.1058857701166243
0 19 2.2117715402332485
0 20 1.333576302645749
0 21 2.667152605291498
0 22 0.711500197631217
0 23 1.423000395262434
0 24 0.6091570823352171
0 25 1.2183141646704343
0 26 -0.5915854140142247
0 27 -1.1831708280284494
0 28 0.10773700981396989
0 29 0.21547401962793977
0 30 0.2875224934770104
0 31 0.5750449869540208
0 32 0.5759702652488025
0 33 1.151940530497605
0 34 -2.4310489123682357
0 35 -4.8620978247364715
0 36 -1.2646813237148793
0 37 -2.5293626474297586
0 38 -0.7329851814779447
0 39 -1.4659703629558893
1 4.145280019853642
1 2 5.551115123125783e-16
1 3 1.1102230246251565e-15
1 4 1.377311384698657
1 5 2.754622769397314
1 6 -0.8288309093874572
1 7 -1.6576618187749144
1 8 -4.776463913889012
1 9 -9.552927827778024
1 10 -0.09188030046144269
1 11 -0.18376060092288538
1 12 2.411376162490141
1 13 4.822752324980282
1 14 -2.3589253403454737
1 15 -4.7178506806909475
1 16 -2.6493976560677903
1 17 -5.298795312135581
1 18 2.2117715402332485
1 19 4.423543080466497
1 20 2.667152605291498
1 21 5.334305210582996
1 22 1.423000395262434
1 23 2.846000790524868
1 24 1.2183141646704343
1 25 2.4366283293408686
1 26 -1.1831708280284494
1 27 -2.366341656056899
1 28 0.21547401962793977
1 29 0.43094803925587954
1 30 0.5750449869540208
1 31 1.1500899739080417
1 32 1.151940530497605
1 33 2.30388106099521
1 34 -4.8620978247364715
1 35 -9.724195649472943
1 36 -2.5293626474297586
1 37 -5.058725294859517
1 38 -1.4659703629558893
1 39 -2.9319407259117787
2 -4.718155647688399
2 3 6.875080742938561
2 4 0.4144154546937287
2 5 0.8288309093874574
2 6 0.6886556923493288
2 7 1.3773113846986575
2 8 0.04594015023072098
2 9 0.09188030046144197
2 10 -2.388231956944506
2 11 -4.776463913889012
2 12 1.1794626701727373
2 13 2.3589253403454746
2 14 1.20568808124507
2 15 2.41137616249014
2 16 -1.1058857701166245
2 17 -2.211771540233249
2 18 -1.3246988280338952
2 19 -2.6493976560677903
2 20 -0.711500197631217
2 21 -1.423000395262434
2 22 1.333576302645749
2 23 2.667152605291498
2 24 0.5915854140142249
2 25 1.1831708280284499
2 26 0.6091570823352173
2 27 1.2183141646704345
2 28 -0.2875224934770102
2 29 -0.5750449869540204
2 30 0.10773700981396983
2 31 0.21547401962793966
2 32 2.4310489123682357
2 33 4.8620978247364715
2 34 0.5759702652488023
2 35 1.1519405304976047
2 36 0.7329851814779447
2 37 1.4659703629558893
2 38 -1.2646813237148797
2 39 -2.5293626474297595
3 -5.998770923907518
3 4 0.8288309093874574
3 5 1.6576618187749148
3 6 1.3773113846986575
3 7 2.754622769397315
3 8 0.09188030046144197
3 9 0.18376060092288393
3 10 -4.776463913889012
3 11 -9.552927827778024
3 12 2.3589253403454746
3 13 4.717850680690949
3 14 2.41137616249014
3 15 4.82275232498028
3 16 -2.211771540233249
3 17 -4.423543080466498
3 18 -2.6493976560677903
3 19 -5.298795312135581
3 20 -1.423000395262434
3 21 -2.846000790524868
3 22 2.667152605291498
3 23 5.334305210582996
3 24 1.1831708280284499
3 25 2.3663416560568997
3 26 1.2183141646704345
3 27 2.436628329340869
3 28 -0.5750449869540204
3 29 -1.1500899739080408
3 30 0.21547401962793966
3 31 0.4309480392558793
3 32 4.8620978247364715
3 33 9.724195649472943
3 34 1.1519405304976047
3 35 2.3038810609952094
3 36 1.4659703629558893
3 37 2.9319407259117787
3 38 -2.5293626474297595
3 39 -5.058725294859519
4 -46.05168459153218
4 5 17.432626774160443
4 6 4.440892098500626e-16
4 7 8.881784197001252e-16
4 8 -2.1004030913789
4 9 -4.2008061827578
4 10 1.3489514152727435
4 11 2.697902830545487
4 12 -0.3854832336412036
4 13 -0.7709664672824073
4 14 2.3619222485866014
4 15 4.723844497173203
4 16 0.9474129704167092
4 17 1.8948259408334185
4 18 -1.5668856028499756
4 19 -3.133771205699951
4 20 0.39022042933241663
4 21 0.7804408586648333
4 22 0.6107269914670374
4 23 1.2214539829340747
4 24 1.9193201653945613
4 25 3.8386403307891226
4 26 1.8717361680704618
4 27 3.7434723361409237
4 28 -0.48652871290527927
4 29 -0.9730574258105585
4 30 3.6870651157591556
4 31 7.374130231518311
4 32 1.6248391321214228
4 33 3.2496782642428457
4 34 0.8485168626411989
4 35 1.6970337252823977
4 36 -0.23444834894887423
4 37 -0.46889669789774846
4 38 2.6488870039012076
4 39 5.297774007802415
5 -83.38705579598414
5 6 8.881784197001252e-16
5 7 1.7763568394002505e-15
5 8 -4.2008061827578
5 9 -8.4016123655156
5 10 2.697902830545487
5 11 5.395805661090974
5 12 -0.7709664672824073
5 13 -1.5419329345648145
5 14 4.723844497173203
5 15 9.447688994346406
5 16 1.8948259408334185
5 17 3.789651881666837
5 18 -3.133771205699951
5 19 -6.267542411399902
5 20 0.7804408586648333
5 21 1.5608817173296665
5 22 1.2214539829340747
5 23 2.4429079658681494
5 24 3.8386403307891226
5 25 7.677280661578245
5 26 3.7434723361409237
5 27 7.486944672281847
5 28 -0.9730574258105585
5 29 -1.946114851621117
5 30 7.374130231518311
5 31 14.748260463036623
5 32 3.2496782642428457
5 33 6.499356528485691
5 34 1.6970337252823977
5 35 3.3940674505647954
5 36 -0.46889669789774846
5 37 -0.9377933957954969
5 38 5.297774007802415
5 39 10.59554801560483
6 4.332267382300658
6 7 17.432626774160443
6 8 -1.3489514152727435
6 9 -2.697902830545487
6 10 -2.1004030913789
6 11 -4.2008061827578
6 12 -2.3619222485866014
6 13 -4.723844497173203
6 14 -0.3854832336412036
6 15 -0.7709664672824073
6 16 1.5668856028499756
6 17 3.133771205699951
6 18 0.9474129704167092
6 19 1.8948259408334185
6 20 -0.6107269914670375
6 21 -1.221453982934075
6 22 0.39022042933241663
6 23 0.7804408586648333
6 24 -1.8717361680704618
6 25 -3.7434723361409237
6 26 1.919320165394561
6 27 3.838640330789122
6 28 -3.6870651157591556
6 29 -7.374130231518311
6 30 -0.4865287129052793
6 31 -0.9730574258105587
6 32 -0.8485168626411983
6 33 -1.6970337252823966
6 34 1.6248391321214228
6 35 3.2496782642428457
6 36 -2.6488870039012076
6 37 -5.297774007802415
6 38 -0.234448348948874
6 39 -0.468896697897748
7 17.380848151681533
7 8 -2.697902830545487
7 9 -5.395805661090974
7 10 -4.2008061827578
7 11 -8.4016123655156
7 12 -4.723844497173203
7 13 -9.447688994346406
7 14 -0.7709664672824073
7 15 -1.5419329345648145
7 16 3.133771205699951
7 17 6.267542411399902
7 18 1.8948259408334185
7 19 3.789651881666837
7 20 -1.221453982934075
7 21 -2.44290796586815
7 22 0.7804408586648333
7 23 1.5608817173296665
7 24 -3.7434723361409237
7 25 -7.486944672281847
7 26 3.838640330789122
7 27 7.677280661578244
7 28 -7.374130231518311
7 29 -14.748260463036623
7 30 -0.9730574258105587
7 31 -1.9461148516211173
7 32 -1.6970337252823966
7 33 -3.394067450564793
7 34 3.2496782642428457
7 35 6.499356528485691
7 36 -5.297774007802415
7 37 -10.59554801560483
7 38 -0.468896697897748
7 39 -0.937793395795496
8 14.62312585783374
8 9 11.750551245395439
8 10 3.3306690738754696e-16
8 11 6.661338147750939e-16
8 12 -1.2938894910270404
8 13 -2.587778982054081
8 14 0.5691483041827292
8 15 1.1382966083654584
8 16 1.384078469105041
8 17 2.768156938210082
8 18 -2.0225500520000947
8 19 -4.0451001040001895
8 20 0.3180030902337483
8 21 0.6360061804674966
8 22 -1.3516767603358941
8 23 -2.7033535206717882
8 24 -0.9237147881366992
8 25 -1.8474295762733983
8 26 -0.3976391240044121
8 27 -0.7952782480088242
8 28 -0.5199136925974515
8 29 -1.039827385194903
8 30 -0.4190249895091066
8 31 -0.8380499790182132
8 32 0.95411447739571
8 33 1.90822895479142
8 34 1.2325771444463125
8 35 2.465154288892625
8 36 0.2378634347570298
8 37 0.4757268695140596
8 38 1.0886314220671842
8 39 2.1772628441343684
9 35.1215273383652
9 10 6.661338147750939e-16
9 11 1.3322676295501878e-15
9 12 -2.587778982054081
9 13 -5.175557964108162
9 14 1.1382966083654584
9 15 2.276593216730917
9 16 2.768156938210082
9 17 5.536313876420164
9 18 -4.0451001040001895
9 19 -8.090200208000379
9 20 0.6360061804674966
9 21 1.2720123609349931
9 22 -2.7033535206717882
9 23 -5.4067070413435765
9 24 -1.8474295762733983
9 25 -3.6948591525467966
9 26 -0.7952782480088242
9 27 -1.5905564960176484
9 28 -1.039827385194903
9 29 -2.079654770389806
9 30 -0.8380499790182132
9 31 -1.6760999580364264
9 32 1.90822895479142
9 33 3.81645790958284
9 34 2.465154288892625
9 35 4.93030857778525
9 36 0.4757268695140596
9 37 0.9514537390281192
9 38 2.1772628441343684
9 39 4.354525688268737
10 -4.916385840600906
10 11 11.750551245395439
10 12 -0.5691483041827293
10 13 -1.1382966083654587
10 14 -1.2938894910270404
10 15 -2.587778982054081
10 16 2.0225500520000947
10 17 4.0451001040001895
10 18 1.384078469105041
10 19 2.768156938210082
10 20 1.3516767603358941
10 21 2.7033535206717882
10 22 0.31800309023374806
10 23 0.6360061804674961
10 24 0.3976391240044118
10 25 0.7952782480088236
10 26 -0.9237147881366992
10 27 -1.8474295762733983
10 28 0.4190249895091064
10 29 0.8380499790182128
10 30 -0.5199136925974515
10 31 -1.039827385194903
10 32 -1.2325771444463123
10 33 -2.4651542888926246
10 34 0.9541144773957098
10 35 1.9082289547914195
10 36 -1.0886314220671842
10 37 -2.1772628441343684
10 38 0.23786343475702967
10 39 0.47572686951405935
11 -3.957496058504093
11 12 -1.1382966083654587
11 13 -2.2765932167309173
11 14 -2.587778982054081
11 15 -5.175557964108162
11 16 4.0451001040001895
11 17 8.090200208000379
11 18 2.768156938210082
11 19 5.536313876420164
11 20 2.7033535206717882
11 21 5.4067070413435765
11 22 0.6360061804674961
11 23 1.2720123609349923
11 24 0.7952782480088236
11 25 1.5905564960176473
11 26 -1.8474295762733983
11 27 -3.6948591525467966
11 28 0.8380499790182128
11 29 1.6760999580364255
11 30 -1.039827385194903
11 31 -2.079654770389806
11 32 -2.4651542888926246
11 33 -4.930308577785249
11 34 1.9082289547914195
11 35 3.816457909582839
11 36 -2.1772628441343684
11 37 -4.354525688268737
11 38 0.47572686951405935
11 39 0.9514537390281187
12 4.499817271093953
12 13 9.861623191159865
12 14 2.220446049250313e-16
12 15 4.440892098500626e-16
12 16 -3.2576165486011677
12 17 -6.515233097202335
12 18 -0.8498725087308103
12 19 -1.6997450174616207
12 20 -0.21952382998910383
12 21 -0.43904765997820766
12 22 -0.8901728393153113
12 23 -1.7803456786306227
12 24 2.61131746327007
12 25 5.22263492654014
12 26 0.33921402948272267
12 27 0.6784280589654453
12 28 0.1632089635538319
12 29 0.3264179271076638
12 30 1.0450148508421777
12 31 2.0900297016843554
12 32 0.3212221501466425
12 33 0.642444300293285
12 34 -1.3262620169714157
12 35 -2.6525240339428313
12 36 -0.14702174775615043
12 37 -0.29404349551230086
12 38 -0.11788203403630215
12 39 -0.2357640680726043
13 13.930446137767838
13 14 4.440892098500626e-16
13 15 8.881784197001252e-16
13 16 -6.515233097202335
13 17 -13.03046619440467
13 18 -1.6997450174616207
13 19 -3.3994900349232413
13 20 -0.43904765997820766
13 21 -0.8780953199564153
13 22 -1.7803456786306227
13 23 -3.5606913572612453
13 24 5.22263492654014
13 25 10.44526985308028
13 26 0.6784280589654453
13 27 1.3568561179308907
13 28 0.3264179271076638
13 29 0.6528358542153276
13 30 2.0900297016843554
13 31 4.180059403368711
13 32 0.642444300293285
13 33 1.28488860058657
13 34 -2.6525240339428313
13 35 -5.305048067885663
13 36 -0.29404349551230086
13 37 -0.5880869910246017
13 38 -0.2357640680726043
13 39 -0.4715281361452086
14 -8.801462428651153
14 15 9.861623191159865
14 16 0.8498725087308101
14 17 1.6997450174616202
14 18 -3.2576165486011672
14 19 -6.5152330972023345
14 20 0.8901728393153114
14 21 1.7803456786306229
14 22 -0.21952382998910394
14 23 -0.4390476599782079
14 24 -0.3392140294827225
14 25 -0.678428058965445
14 26 2.61131746327007
14 27 5.22263492654014
14 28 -1.0450148508421775
14 29 -2.090029701684355
14 30 0.16320896355383196
14 31 0.32641792710766393
14 32 1.3262620169714157
14 33 2.6525240339428313
14 34 0.32122215014664257
14 35 0.6424443002932851
14 36 0.11788203403630193
14 37 0.23576406807260386
14 38 -0.14702174775615004
14 39 -0.2940434955123001
15 -12.672113261722373
15 16 1.6997450174616202
15 17 3.3994900349232404
15 18 -6.5152330972023345
15 19 -13.030466194404669
15 20 1.7803456786306229
15 21 3.5606913572612457
15 22 -0.4390476599782079
15 23 -0.8780953199564158
15 24 -0.678428058965445
15 25 -1.35685611793089
15 26 5.22263492654014
15 27 10.44526985308028
15 28 -2.090029701684355
15 29 -4.18005940336871
15 30 0.32641792710766393
15 31 0.6528358542153279
15 32 2.6525240339428313
15 33 5.305048067885663
15 34 0.6424443002932851
15 35 1.2848886005865703
15 36 0.23576406807260386
15 37 0.4715281361452077
15 38 -0.2940434955123001
15 39 -0.5880869910246002
16 -28.944429351537735
16 17 20.768329384820827
16 18 5.551115123125783e-16
16 19 1.1102230246251565e-15
16 20 2.387152384389048
16 21 4.774304768778096
16 22 1.7718447161566808
16 23 3.5436894323133616
16 24 -1.0354396165328965
16 25 -2.070879233065793
16 26 -1.0780346704207617
16 27 -2.1560693408415235
16 28 1.016684279979772
16 29 2.033368559959544
16 30 0.8237162243311082
16 31 1.6474324486622165
16 32 0.6485961501426287
16 33 1.2971923002852574
16 34 0.24218335077319042
16 35 0.48436670154638084
16 36 -0.48764694808585407
16 37 -0.9752938961717081
16 38 2.1526859887155227
16 39 4.3053719774310455
17 -47.50469401066506
17 18 1.1102230246251565e-15
17 19 2.220446049250313e-15
17 20 4.774304768778096
17 21 9.548609537556192
17 22 3.5436894323133616
17 23 7.087378864626723
17 24 -2.070879233065793
17 25 -4.141758466131586
17 26 -2.1560693408415235
17 27 -4.312138681683047
17 28 2.033368559959544
17 29 4.066737119919088
17 30 1.6474324486622165
17 31 3.294864897324433
17 32 1.2971923002852574
17 33 2.594384600570515
17 34 0.48436670154638084
17 35 0.9687334030927617
17 36 -0.9752938961717081
17 37 -1.9505877923434163
17 38 4.3053719774310455
17 39 8.610743954862091
18 -16.99676326346025
18 19 20.768329384820824
18 20 -1.7718447161566804
18 21 -3.5436894323133608
18 22 2.387152384389048
18 23 4.774304768778096
18 24 1.0780346704207615
18 25 2.156069340841523
18 26 -1.0354396165328967
18 27 -2.0708792330657935
18 28 -0.8237162243311082
18 29 -1.6474324486622165
18 30 1.0166842799797717
18 31 2.0333685599595435
18 32 -0.24218335077319053
18 33 -0.48436670154638106
18 34 0.6485961501426287
18 35 1.2971923002852574
18 36 -2.1526859887155227
18 37 -4.3053719774310455
18 38 -0.48764694808585396
18 39 -0.9752938961717079
19 -23.609361834510086
19 20 -3.5436894323133608
19 21 -7.0873788646267215
19 22 4.774304768778096
19 23 9.548609537556192
19 24 2.156069340841523
19 25 4.312138681683046
19 26 -2.0708792330657935
19 27 -4.141758466131587
19 28 -1.6474324486622165
19 29 -3.294864897324433
19 30 2.0333685599595435
19 31 4.066737119919087
19 32 -0.48436670154638106
19 33 -0.9687334030927621
19 34 1.2971923002852574
19 35 2.594384600570515
19 36 -4.3053719774310455
19 37 -8.610743954862091
19 38 -0.9752938961717079
19 39 -1.9505877923434158
20 -3.974989953097665
20 21 13.876191377147912
20 22 6.661338147750939e-16
20 23 1.3322676295501878e-15
20 24 0.5745813417068959
20 25 1.1491626834137918
20 26 1.4544581177278562
20 27 2.9089162354557123
20 28 -5.4479157871915795
20 29 -10.895831574383159
20 30 0.058009535909220866
20 31 0.11601907181844173
20 32 0.7522565928921924
20 33 1.5045131857843848
20 34 -0.054143301832492274
20 35 -0.10828660366498455
20 36 0.4873200147745317
20 37 0.9746400295490634
20 38 2.008427311184935
20 39 4.01685462236987
21 -1.0118842176213736
21 22 1.3322676295501878e-15
21 23 2.6645352591003757e-15
21 24 1.1491626834137918
21 25 2.2983253668275836
21 26 2.9089162354557123
21 27 5.817832470911425
21 28 -10.895831574383159
21 29 -21.791663148766318
21 30 0.11601907181844173
21 31 0.23203814363688346
21 32 1.5045131857843848
21 33 3.0090263715687695
21 34 -0.10828660366498455
21 35 -0.2165732073299691
21 36 0.9746400295490634
21 37 1.9492800590981267
21 38 4.01685462236987
21 39 8.03370924473974
22 -15.461425344703548
22 23 13.876191377147912
22 24 -1.4544581177278564
22 25 -2.9089162354557128
22 26 0.5745813417068959
22 27 1.1491626834137918
22 28 -0.05800953590922164
22 29 -0.11601907181844329
22 30 -5.4479157871915795
22 31 -10.895831574383159
22 32 0.05414330183249216
22 33 0.10828660366498433
22 34 0.7522565928921924
22 35 1.5045131857843848
22 36 -2.008427311184935
22 37 -4.01685462236987
22 38 0.4873200147745318
22 39 0.9746400295490636
23 -23.98475500083314
23 24 -2.9089162354557128
23 25 -5.8178324709114255
23 26 1.1491626834137918
23 27 2.2983253668275836
23 28 -0.11601907181844329
23 29 -0.23203814363688657
23 30 -10.895831574383159
23 31 -21.791663148766318
23 32 0.10828660366498433
23 33 0.21657320732996865
23 34 1.5045131857843848
23 35 3.0090263715687695
23 36 -4.01685462236987
23 37 -8.03370924473974
23 38 0.9746400295490636
23 39 1.9492800590981272
24 -29.87307496139193
24 25 13.76741677570141
24 26 4.440892098500626e-16
24 27 8.881784197001252e-16
24 28 -1.6781929646566063
24 29 -3.3563859293132126
24 30 2.3743602727331847
24 31 4.7487205454663695
24 32 1.8270400185705469
24 33 3.6540800371410938
24 34 -0.8135214396096843
24 35 -1.6270428792193685
24 36 1.1521756292536203
24 37 2.3043512585072405
24 38 3.0553703620568595
24 39 6.110740724113719
25 -52.86244153493315
25 26 8.881784197001252e-16
25 27 1.7763568394002505e-15
25 28 -3.3563859293132126
25 29 -6.712771858626425
25 30 4.7487205454663695
25 31 9.497441090932739
25 32 3.6540800371410938
25 33 7.3081600742821875
25 34 -1.6270428792193685
25 35 -3.254085758438737
25 36 2.3043512585072405
25 37 4.608702517014481
25 38 6.110740724113719
25 39 12.221481448227438
26 -9.980623579776116
26 27 13.76741677570141
26 28 -2.3743602727331847
26 29 -4.7487205454663695
26 30 -1.6781929646566063
26 31 -3.3563859293132126
26 32 0.8135214396096845
26 33 1.627042879219369
26 34 1.8270400185705467
26 35 3.6540800371410933
26 36 -3.0553703620568595
26 37 -6.110740724113719
26 38 1.15217562925362
26 39 2.30435125850724
27 -13.077538771701528
27 28 -4.7487205454663695
27 29 -9.497441090932739
27 30 -3.3563859293132126
27 31 -6.712771858626425
27 32 1.627042879219369
27 33 3.254085758438738
27 34 3.6540800371410933
27 35 7.308160074282187
27 36 -6.110740724113719
27 37 -12.221481448227438
27 38 2.30435125850724
27 39 4.60870251701448
28 17.945524900218764
28 29 29.618314562951667
28 30 7.216449660063518e-16
28 31 1.4432899320127035e-15
28 32 0.47095679176533034
28 33 0.9419135835306607
28 34 -2.3638697611833304
28 35 -4.727739522366661
28 36 -1.1474536304863712
28 37 -2.2949072609727423
28 38 -4.023310100780339
28 39 -8.046620201560678
29 50.70020708191336
29 30 1.4432899320127035e-15
29 31 2.886579864025407e-15
29 32 0.9419135835306607
29 33 1.8838271670613214
29 34 -4.727739522366661
29 35 -9.455479044733321
29 36 -2.2949072609727423
29 37 -4.589814521945485
29 38 -8.046620201560678
29 39 -16.093240403121357
30 -20.91593164956553
30 31 29.61831456295166
30 32 2.3638697611833304
30 33 4.727739522366661
30 34 0.47095679176533045
30 35 0.9419135835306609
30 36 4.023310100780339
30 37 8.046620201560678
30 38 -1.1474536304863714
30 39 -2.294907260972743
31 -27.022706017655224
31 32 4.727739522366661
31 33 9.455479044733321
31 34 0.9419135835306609
31 35 1.8838271670613218
31 36 8.046620201560678
31 37 16.093240403121357
31 38 -2.294907260972743
31 39 -4.589814521945486
32 -32.89613165353027
32 33 15.868092230538378
32 34 4.996003610813204e-16
32 35 9.992007221626409e-16
32 36 3.3933922713890503
32 37 6.786784542778101
32 38 0.43001066047374426
32 39 0.8600213209474885
33 -57.85821719179134
33 34 9.992007221626409e-16
33 35 1.9984014443252818e-15
33 36 6.786784542778101
33 37 13.573569085556201
33 38 0.8600213209474885
33 39 1.720042641894977
34 -12.902490501250814
34 35 15.868092230538378
34 36 -0.430010660473744
34 37 -0.860021320947488
34 38 3.3933922713890503
34 39 6.786784542778101
35 -17.870934887232437
35 36 -0.860021320947488
35 37 -1.720042641894976
35 38 6.786784542778101
35 39 13.573569085556201
36 0.5784604273735034
36 37 21.972188818084867
36 38 4.440892098500626e-16
36 39 8.881784197001252e-16
37 12.14301526378944
37 38 8.881784197001252e-16
37 39 1.7763568394002505e-15
38 -40.545492789424905
38 39 21.972188818084867
39 -70.10489116980739
