40
1100111011000101001101001111110110110001
0 24.258468256089717
0 1 9.329433078649059
0 2 2.220446049250313e-16
0 3 4.440892098500626e-16
0 4 -0.5384527142302518
0 5 -1.0769054284605035
0 6 1.0727866254064384
0 7 2.145573250812877
0 8 0.3350178794344145
0 9 0.670035758868829
0 10 -1.9004553202495809
0 11 -3.8009106404991617
0 12 -1.567649112598875
0 13 -3.13529822519775
0 14 -1.3406237020942284
0 15 -2.681247404188457
0 16 -0.7494724078733799
0 17 -1.4989448157467598
0 18 -1.5894175869476301
0 19 -3.1788351738952603
0 20 1.1456832118995859
0 21 2.2913664237991718
0 22 -1.656448394068689
0 23 -3.312896788137378
0 24 -1.5005618998862802
0 25 -3.0011237997725604
0 26 0.42405029278574474
0 27 0.8481005855714895
0 28 0.8409937340801843
0 29 1.6819874681603686
0 30 0.09064514778906924
0 31 0.18129029557813847
0 32 -2.7373296139791483
0 33 -5.474659227958297
0 34 -0.3571469300965706
0 35 -0.7142938601931412
0 36 0.3486475438178477
0 37 0.6972950876356954
0 38 0.37137814958707116
0 39 0.7427562991741423
1 53.18165305150396
1 2 4.440892098500626e-16
1 3 8.881784197001252e-16
1 4 -1.0769054284605035
1 5 -2.153810856921007
1 6 2.145573250812877
1 7 4.291146501625754
1 8 0.670035758868829
1 9 1.340071517737658
1 10 -3.8009106404991617
1 11 -7.601821280998323
1 12 -3.13529822519775
1 13 -6.2705964503955
1 14 -2.681247404188457
1 15 -5.362494808376914
1 16 -1.4989448157467598
1 17 -2.9978896314935195
1 18 -3.1788351738952603
1 19 -6.3576703477905205
1 20 2.2913664237991718
1 21 4.5827328475983435
1 22 -3.312896788137378
1 23 -6.625793576274756
1 24 -3.0011237997725604
1 25 -6.002247599545121
1 26 0.8481005855714895
1 27 1.696201171142979
1 28 1.6819874681603686
1 29 3.363974936320737
1 30 0.18129029557813847
1 31 0.36258059115627694
1 32 -5.474659227958297
1 33 -10.949318455916593
1 34 -0.7142938601931412
1 35 -1.4285877203862825
1 36 0.6972950876356954
1 37 1.3945901752713907
1 38 0.7427562991741423
1 39 1.4855125983482846
2 -0.18933704006656527
2 3 9.329433078649057
2 4 -1.0727866254064384
2 5 -2.145573250812877
2 6 -0.5384527142302519
2 7 -1.0769054284605037
2 8 1.900455320249581
2 9 3.800910640499162
2 10 0.33501787943441497
2 11 0.6700357588688299
2 12 1.3406237020942284
2 13 2.681247404188457
2 14 -1.567649112598875
2 15 -3.13529822519775
2 16 1.5894175869476297
2 17 3.1788351738952594
2 18 -0.7494724078733799
2 19 -1.4989448157467598
2 20 1.656448394068689
2 21 3.312896788137378
2 22 1.1456832118995859
2 23 2.2913664237991718
2 24 -0.4240502927857448
2 25 -0.8481005855714896
2 26 -1.5005618998862802
2 27 -3.0011237997725604
2 28 -0.09064514778906924
2 29 -0.18129029557813847
2 30 0.8409937340801841
2 31 1.6819874681603681
2 32 0.3571469300965705
2 33 0.714293860193141
2 34 -2.7373296139791474
2 35 -5.474659227958295
2 36 -0.37137814958707094
2 37 -0.7427562991741419
2 38 0.3486475438178477
2 39 0.6972950876356954
3 4.2860424591914
3 4 -2.145573250812877
3 5 -4.291146501625754
3 6 -1.0769054284605037
3 7 -2.1538108569210075
3 8 3.800910640499162
3 9 7.601821280998324
3 10 0.6700357588688299
3 11 1.3400715177376599
3 12 2.681247404188457
3 13 5.362494808376914
3 14 -3.13529822519775
3 15 -6.2705964503955
3 16 3.1788351738952594
3 17 6.357670347790519
3 18 -1.4989448157467598
3 19 -2.9978896314935195
3 20 3.312896788137378
3 21 6.625793576274756
3 22 2.2913664237991718
3 23 4.5827328475983435
3 24 -0.8481005855714896
3 25 -1.6962011711429792
3 26 -3.0011237997725604
3 27 -6.002247599545121
3 28 -0.18129029557813847
3 29 -0.36258059115627694
3 30 1.6819874681603681
3 31 3.3639749363207363
3 32 0.714293860193141
3 33 1.428587720386282
3 34 -5.474659227958295
3 35 -10.94931845591659
3 36 -0.7427562991741419
3 37 -1.4855125983482838
3 38 0.6972950876356954
3 39 1.3945901752713907
4 -7.226029512436066
4 5 8.277711234691592
4 6 2.498001805406602e-16
4 7 4.996003610813204e-16
4 8 -0.05266037720937705
4 9 -0.1053207544187541
4 10 1.1858024353025065
4 11 2.371604870605013
4 12 0.03528624806038616
4 13 0.07057249612077232
4 14 1.2231569228986139
4 15 2.4463138457972278
4 16 -0.1885808588741364
4 17 -0.3771617177482728
4 18 -0.47320417071798
4 19 -0.94640834143596
4 20 0.0800686091751745
4 21 0.160137218350349
4 22 0.6291348713846338
4 23 1.2582697427692675
4 24 -0.022325666165482316
4 25 -0.04465133233096463
4 26 -0.8850723907218536
4 27 -1.7701447814437072
4 28 -1.9665122393084462
4 29 -3.9330244786168924
4 30 -2.6538990089338816
4 31 -5.307798017867763
4 32 0.6593828812513484
4 33 1.3187657625026967
4 34 -0.7963300688192455
4 35 -1.592660137638491
4 36 -1.2629961279125024
4 37 -2.5259922558250048
4 38 0.13682761906192248
4 39 0.27365523812384496
5 -10.313203407526336
5 6 4.996003610813204e-16
5 7 9.992007221626409e-16
5 8 -0.1053207544187541
5 9 -0.2106415088375082
5 10 2.371604870605013
5 11 4.743209741210026
5 12 0.07057249612077232
5 13 0.14114499224154464
5 14 2.4463138457972278
5 15 4.8926276915944555
5 16 -0.3771617177482728
5 17 -0.7543234354965456
5 18 -0.94640834143596
5 19 -1.89281668287192
5 20 0.160137218350349
5 21 0.320274436700698
5 22 1.2582697427692675
5 23 2.516539485538535
5 24 -0.04465133233096463
5 25 -0.08930266466192927
5 26 -1.7701447814437072
5 27 -3.5402895628874145
5 28 -3.9330244786168924
5 29 -7.866048957233785
5 30 -5.307798017867763
5 31 -10.615596035735527
5 32 1.3187657625026967
5 33 2.6375315250053935
5 34 -1.592660137638491
5 35 -3.185320275276982
5 36 -2.5259922558250048
5 37 -5.0519845116500095
5 38 0.27365523812384496
5 39 0.5473104762476899
6 -0.9825557422954634
6 7 8.277711234691592
6 8 -1.1858024353025063
6 9 -2.3716048706050126
6 10 -0.05266037720937694
6 11 -0.10532075441875388
6 12 -1.223156922898614
6 13 -2.446313845797228
6 14 0.035286248060386494
6 15 0.07057249612077299
6 16 0.47320417071798004
6 17 0.9464083414359601
6 18 -0.18858085887413623
6 19 -0.37716171774827245
6 20 -0.6291348713846341
6 21 -1.2582697427692682
6 22 0.0800686091751745
6 23 0.160137218350349
6 24 0.8850723907218537
6 25 1.7701447814437075
6 26 -0.022325666165482372
6 27 -0.044651332330964744
6 28 2.6538990089338816
6 29 5.307798017867763
6 30 -1.9665122393084467
6 31 -3.9330244786168933
6 32 0.7963300688192457
6 33 1.5926601376384915
6 34 0.6593828812513481
6 35 1.3187657625026963
6 36 -0.1368276190619227
6 37 -0.2736552381238454
6 38 -1.2629961279125026
6 39 -2.525992255825005
7 2.1737441327548694
7 8 -2.3716048706050126
7 9 -4.743209741210025
7 10 -0.10532075441875388
7 11 -0.21064150883750776
7 12 -2.446313845797228
7 13 -4.892627691594456
7 14 0.07057249612077299
7 15 0.14114499224154597
7 16 0.9464083414359601
7 17 1.8928166828719202
7 18 -0.37716171774827245
7 19 -0.7543234354965449
7 20 -1.2582697427692682
7 21 -2.5165394855385363
7 22 0.160137218350349
7 23 0.320274436700698
7 24 1.7701447814437075
7 25 3.540289562887415
7 26 -0.044651332330964744
7 27 -0.08930266466192949
7 28 5.307798017867763
7 29 10.615596035735527
7 30 -3.9330244786168933
7 31 -7.866048957233787
7 32 1.5926601376384915
7 33 3.185320275276983
7 34 1.3187657625026963
7 35 2.6375315250053926
7 36 -0.2736552381238454
7 37 -0.5473104762476908
7 38 -2.525992255825005
7 39 -5.05198451165001
8 11.001116103856454
8 9 11.486658939328294
8 10 2.636779683484747e-16
8 11 5.273559366969494e-16
8 12 1.3637149360846066
8 13 2.727429872169213
8 14 -0.2300476409485407
8 15 -0.4600952818970814
8 16 -0.1984379285181362
8 17 -0.3968758570362724
8 18 -2.047053665658192
8 19 -4.094107331316384
8 20 1.0878628426262955
8 21 2.175725685252591
8 22 -0.4200203114028643
8 23 -0.8400406228057286
8 24 0.6855921848580583
8 25 1.3711843697161166
8 26 -1.0227308584154258
8 27 -2.0454617168308515
8 28 -1.9202380658517004
8 29 -3.840476131703401
8 30 -0.524281231935278
8 31 -1.048562463870556
8 32 -1.006081209867657
8 33 -2.012162419735314
8 34 -1.5517101793258288
8 35 -3.1034203586516576
8 36 -0.17505679412223385
8 37 -0.3501135882444677
8 38 0.7218897750558901
8 39 1.4437795501117803
9 27.745561677377054
9 10 5.273559366969494e-16
9 11 1.0547118733938987e-15
9 12 2.727429872169213
9 13 5.454859744338426
9 14 -0.4600952818970814
9 15 -0.9201905637941628
9 16 -0.3968758570362724
9 17 -0.7937517140725447
9 18 -4.094107331316384
9 19 -8.188214662632769
9 20 2.175725685252591
9 21 4.351451370505182
9 22 -0.8400406228057286
9 23 -1.680081245611457
9 24 1.3711843697161166
9 25 2.742368739432233
9 26 -2.0454617168308515
9 27 -4.090923433661703
9 28 -3.840476131703401
9 29 -7.680952263406802
9 30 -1.048562463870556
9 31 -2.097124927741112
9 32 -2.012162419735314
9 33 -4.024324839470628
9 34 -3.1034203586516576
9 35 -6.206840717303315
9 36 -0.3501135882444677
9 37 -0.7002271764889354
9 38 1.4437795501117803
9 39 2.8875591002235605
10 -18.534776116007276
10 11 11.486658939328294
10 12 0.2300476409485407
10 13 0.4600952818970814
10 14 1.3637149360846073
10 15 2.7274298721692145
10 16 2.0470536656581926
10 17 4.094107331316385
10 18 -0.1984379285181363
10 19 -0.3968758570362726
10 20 0.4200203114028643
10 21 0.8400406228057286
10 22 1.087862842626296
10 23 2.175725685252592
10 24 1.0227308584154258
10 25 2.0454617168308515
10 26 0.6855921848580583
10 27 1.3711843697161166
10 28 0.5242812319352776
10 29 1.0485624638705553
10 30 -1.9202380658517006
10 31 -3.8404761317034013
10 32 1.5517101793258286
10 33 3.103420358651657
10 34 -1.006081209867657
10 35 -2.012162419735314
10 36 -0.7218897750558898
10 37 -1.4437795501117796
10 38 -0.17505679412223374
10 39 -0.3501135882444675
11 -31.326222762350405
11 12 0.4600952818970814
11 13 0.9201905637941628
11 14 2.7274298721692145
11 15 5.454859744338429
11 16 4.094107331316385
11 17 8.18821466263277
11 18 -0.3968758570362726
11 19 -0.7937517140725452
11 20 0.8400406228057286
11 21 1.680081245611457
11 22 2.175725685252592
11 23 4.351451370505184
11 24 2.0454617168308515
11 25 4.090923433661703
11 26 1.3711843697161166
11 27 2.742368739432233
11 28 1.0485624638705553
11 29 2.0971249277411106
11 30 -3.8404761317034013
11 31 -7.680952263406803
11 32 3.103420358651657
11 33 6.206840717303314
11 34 -2.012162419735314
11 35 -4.024324839470628
11 36 -1.4437795501117796
11 37 -2.887559100223559
11 38 -0.3501135882444675
11 39 -0.700227176488935
12 -8.980699947908677
12 13 15.116059751600082
12 14 3.0531133177191805e-16
12 15 6.106226635438361e-16
12 16 -1.5444377137453646
12 17 -3.0888754274907293
12 18 -0.7072466642398147
12 19 -1.4144933284796295
12 20 0.8350209563172079
12 21 1.6700419126344157
12 22 2.0485446762885995
12 23 4.097089352577199
12 24 0.027626933884119853
12 25 0.055253867768239706
12 26 -1.2799925034178017
12 27 -2.5599850068356034
12 28 -1.4588829156945038
12 29 -2.9177658313890076
12 30 1.150249463500917
12 31 2.300498927001834
12 32 0.9886716282721655
12 33 1.977343256544331
12 34 -2.0122477596744672
12 35 -4.0244955193489345
12 36 0.752960513713517
12 37 1.505921027427034
12 38 1.464066123788611
12 39 2.928132247577222
13 -10.403370020017313
13 14 6.106226635438361e-16
13 15 1.2212453270876722e-15
13 16 -3.0888754274907293
13 17 -6.177750854981459
13 18 -1.4144933284796295
13 19 -2.828986656959259
13 20 1.6700419126344157
13 21 3.3400838252688314
13 22 4.097089352577199
13 23 8.194178705154398
13 24 0.055253867768239706
13 25 0.11050773553647941
13 26 -2.5599850068356034
13 27 -5.119970013671207
13 28 -2.9177658313890076
13 29 -5.835531662778015
13 30 2.300498927001834
13 31 4.600997854003668
13 32 1.977343256544331
13 33 3.954686513088662
13 34 -4.0244955193489345
13 35 -8.048991038697869
13 36 1.505921027427034
13 37 3.011842054854068
13 38 2.928132247577222
13 39 5.856264495154444
14 -18.109958814222836
14 15 15.116059751600082
14 16 0.7072466642398145
14 17 1.414493328479629
14 18 -1.5444377137453644
14 19 -3.088875427490729
14 20 -2.0485446762885995
14 21 -4.097089352577199
14 22 0.8350209563172079
14 23 1.6700419126344157
14 24 1.2799925034178017
14 25 2.5599850068356034
14 26 0.02762693388411991
14 27 0.05525386776823982
14 28 -1.1502494635009175
14 29 -2.300498927001835
14 30 -1.458882915694504
14 31 -2.917765831389008
14 32 2.0122477596744672
14 33 4.0244955193489345
14 34 0.9886716282721653
14 35 1.9773432565443305
14 36 -1.4640661237886108
14 37 -2.9281322475772216
14 38 0.752960513713517
14 39 1.505921027427034
15 -28.661887752645633
15 16 1.414493328479629
15 17 2.828986656959258
15 18 -3.088875427490729
15 19 -6.177750854981458
15 20 -4.097089352577199
15 21 -8.194178705154398
15 22 1.6700419126344157
15 23 3.3400838252688314
15 24 2.5599850068356034
15 25 5.119970013671207
15 26 0.05525386776823982
15 27 0.11050773553647963
15 28 -2.300498927001835
15 29 -4.60099785400367
15 30 -2.917765831389008
15 31 -5.835531662778016
15 32 4.0244955193489345
15 33 8.048991038697869
15 34 1.9773432565443305
15 35 3.954686513088661
15 36 -2.9281322475772216
15 37 -5.856264495154443
15 38 1.505921027427034
15 39 3.011842054854068
16 -14.638920345754144
16 17 13.502952045407255
16 18 2.504507018441515e-16
16 19 5.00901403688303e-16
16 20 1.5128930564968441
16 21 3.0257861129936883
16 22 0.8034970120604752
16 23 1.6069940241209504
16 24 1.7581921138932326
16 25 3.516384227786465
16 26 1.4290005517196116
16 27 2.858001103439223
16 28 -0.5287334723760532
16 29 -1.0574669447521063
16 30 -0.9230262020997066
16 31 -1.8460524041994133
16 32 -1.2519869756136737
16 33 -2.5039739512273473
16 34 -2.7938318561322113
16 35 -5.587663712264423
16 36 0.4134467858905223
16 37 0.8268935717810446
16 38 -0.5752559163026005
16 39 -1.150511832605201
17 -22.52636466880466
17 18 5.00901403688303e-16
17 19 1.001802807376606e-15
17 20 3.0257861129936883
17 21 6.0515722259873765
17 22 1.6069940241209504
17 23 3.2139880482419008
17 24 3.516384227786465
17 25 7.03276845557293
17 26 2.858001103439223
17 27 5.716002206878446
17 28 -1.0574669447521063
17 29 -2.1149338895042127
17 30 -1.8460524041994133
17 31 -3.6921048083988266
17 32 -2.5039739512273473
17 33 -5.007947902454695
17 34 -5.587663712264423
17 35 -11.175327424528845
17 36 0.8268935717810446
17 37 1.6537871435620892
17 38 -1.150511832605201
17 39 -2.301023665210402
18 -20.164739906257335
18 19 13.502952045407255
18 20 -0.803497012060475
18 21 -1.60699402412095
18 22 1.5128930564968437
18 23 3.0257861129936874
18 24 -1.4290005517196116
18 25 -2.858001103439223
18 26 1.7581921138932328
18 27 3.5163842277864656
18 28 0.9230262020997062
18 29 1.8460524041994124
18 30 -0.5287334723760528
18 31 -1.0574669447521057
18 32 2.7938318561322113
18 33 5.587663712264423
18 34 -1.2519869756136734
18 35 -2.503973951227347
18 36 0.5752559163026005
18 37 1.150511832605201
18 38 0.41344678589052225
18 39 0.8268935717810445
19 -33.578003789811035
19 20 -1.60699402412095
19 21 -3.2139880482419
19 22 3.0257861129936874
19 23 6.051572225987375
19 24 -2.858001103439223
19 25 -5.716002206878446
19 26 3.5163842277864656
19 27 7.032768455572931
19 28 1.8460524041994124
19 29 3.692104808398825
19 30 -1.0574669447521057
19 31 -2.1149338895042114
19 32 5.587663712264423
19 33 11.175327424528845
19 34 -2.503973951227347
19 35 -5.007947902454694
19 36 1.150511832605201
19 37 2.301023665210402
19 38 0.8268935717810445
19 39 1.653787143562089
20 11.646419186294771
20 21 14.979471718359681
20 22 1.1102230246251565e-16
20 23 2.220446049250313e-16
20 24 0.17688929881012305
20 25 0.3537785976202461
20 26 -0.6036829284329179
20 27 -1.2073658568658359
20 28 -0.08566522874409965
20 29 -0.1713304574881993
20 30 -4.03961555247804
20 31 -8.07923110495608
20 32 0.8597967306144546
20 33 1.7195934612289092
20 34 -3.269089959131156
20 35 -6.538179918262312
20 36 -0.8201320824482436
20 37 -1.6402641648964873
20 38 -1.1796682215264696
20 39 -2.359336443052939
21 30.782574231769384
21 22 2.220446049250313e-16
21 23 4.440892098500626e-16
21 24 0.3537785976202461
21 25 0.7075571952404922
21 26 -1.2073658568658359
21 27 -2.4147317137316717
21 28 -0.1713304574881993
21 29 -0.3426609149763986
21 30 -8.07923110495608
21 31 -16.15846220991216
21 32 1.7195934612289092
21 33 3.4391869224578184
21 34 -6.538179918262312
21 35 -13.076359836524624
21 36 -1.6402641648964873
21 37 -3.2805283297929746
21 38 -2.359336443052939
21 39 -4.718672886105878
22 -36.0441232847421
22 23 14.979471718359681
22 24 0.603682928432918
22 25 1.207365856865836
22 26 0.17688929881012316
22 27 0.3537785976202463
22 28 4.03961555247804
22 29 8.07923110495608
22 30 -0.0856652287440994
22 31 -0.1713304574881988
22 32 3.269089959131156
22 33 6.538179918262312
22 34 0.8597967306144548
22 35 1.7195934612289097
22 36 1.1796682215264693
22 37 2.3593364430529387
22 38 -0.8201320824482436
22 39 -1.6402641648964873
23 -64.59851071030437
23 24 1.207365856865836
23 25 2.414731713731672
23 26 0.3537785976202463
23 27 0.7075571952404927
23 28 8.07923110495608
23 29 16.15846220991216
23 30 -0.1713304574881988
23 31 -0.3426609149763976
23 32 6.538179918262312
23 33 13.076359836524624
23 34 1.7195934612289097
23 35 3.4391869224578193
23 36 2.3593364430529387
23 37 4.718672886105877
23 38 -1.6402641648964873
23 39 -3.2805283297929746
24 -8.765793504887451
24 25 6.657148330847791
24 26 0.0
24 27 0.0
24 28 -0.33391450264242617
24 29 -0.6678290052848523
24 30 -0.8628009169978306
24 31 -1.7256018339956611
24 32 0.7302547360300782
24 33 1.4605094720601564
24 34 0.8970051613260247
24 35 1.7940103226520494
24 36 -0.3400581763450431
24 37 -0.6801163526900862
24 38 -0.16496136422364532
24 39 -0.32992272844729065
25 -14.203012844351006
25 26 0.0
25 27 0.0
25 28 -0.6678290052848523
25 29 -1.3356580105697047
25 30 -1.7256018339956611
25 31 -3.4512036679913223
25 32 1.4605094720601564
25 33 2.9210189441203127
25 34 1.7940103226520494
25 35 3.588020645304099
25 36 -0.6801163526900862
25 37 -1.3602327053801724
25 38 -0.32992272844729065
25 39 -0.6598454568945813
26 -3.2199332199746276
26 27 6.657148330847791
26 28 0.8628009169978301
26 29 1.7256018339956603
26 30 -0.33391450264242606
26 31 -0.6678290052848521
26 32 -0.8970051613260247
26 33 -1.7940103226520494
26 34 0.7302547360300781
26 35 1.4605094720601561
26 36 0.16496136422364538
26 37 0.32992272844729076
26 38 -0.3400581763450428
26 39 -0.6801163526900856
27 -3.1112922745253595
27 28 1.7256018339956603
27 29 3.4512036679913205
27 30 -0.6678290052848521
27 31 -1.3356580105697042
27 32 -1.7940103226520494
27 33 -3.588020645304099
27 34 1.4605094720601561
27 35 2.9210189441203123
27 36 0.32992272844729076
27 37 0.6598454568945815
27 38 -0.6801163526900856
27 39 -1.3602327053801713
28 -5.922399235176147
28 29 21.86217304015969
28 30 8.326672684688674e-16
28 31 1.6653345369377348e-15
28 32 1.317827359116932
28 33 2.635654718233864
28 34 1.3637208467575157
28 35 2.7274416935150314
28 36 1.3900106585463539
28 37 2.7800213170927077
28 38 -2.415415077840619
28 39 -4.830830155681238
29 -0.9137119502724502
29 30 1.6653345369377348e-15
29 31 3.3306690738754696e-15
29 32 2.635654718233864
29 33 5.271309436467728
29 34 2.7274416935150314
29 35 5.454883387030063
29 36 2.7800213170927077
29 37 5.5600426341854154
29 38 -4.830830155681238
29 39 -9.661660311362477
30 9.086522270505007
30 31 21.86217304015969
30 32 -1.363720846757515
30 33 -2.72744169351503
30 34 1.317827359116932
30 35 2.635654718233864
30 36 2.4154150778406187
30 37 4.830830155681237
30 38 1.3900106585463539
30 39 2.7800213170927077
31 29.10413106108986
31 32 -2.72744169351503
31 33 -5.45488338703006
31 34 2.635654718233864
31 35 5.271309436467728
31 36 4.830830155681237
31 37 9.661660311362475
31 38 2.7800213170927077
31 39 5.5600426341854154
32 -32.48443566970832
32 33 18.102931019823153
32 34 3.3306690738754696e-16
32 35 6.661338147750939e-16
32 36 -1.6591090088756624
32 37 -3.3182180177513247
32 38 -0.7544531333566096
32 39 -1.5089062667132191
33 -55.91740582950506
33 34 6.661338147750939e-16
33 35 1.3322676295501878e-15
33 36 -3.3182180177513247
33 37 -6.6364360355026495
33 38 -1.5089062667132191
33 39 -3.0178125334264383
34 16.63394790714086
34 35 18.102931019823153
34 36 0.7544531333566094
34 37 1.5089062667132187
34 38 -1.6591090088756628
34 39 -3.3182180177513256
35 42.319361324193295
35 36 1.5089062667132187
35 37 3.0178125334264374
35 38 -3.3182180177513256
35 39 -6.636436035502651
36 -0.13359697546210159
36 37 9.484355624440798
36 38 2.7755575615628914e-16
36 39 5.551115123125783e-16
37 4.474983861296195
37 38 5.551115123125783e-16
37 39 1.1102230246251565e-15
38 -9.364490723673597
38 39 9.484355624440798
39 -13.986803635126796
