40
1100111011000101001101001111110110110001
0 3.6128656696304993
0 1 12.004313997630057
0 2 4.440892098500626e-16
0 3 8.881784197001252e-16
0 4 1.3371717131066296
0 5 2.6743434262132593
0 6 0.9986901661011506
0 7 1.9973803322023012
0 8 1.235083731704889
0 9 2.470167463409778
0 10 1.2521529736921289
0 11 2.5043059473842577
0 12 -0.7964439135327529
0 13 -1.5928878270655058
0 14 0.8526355526837093
0 15 1.7052711053674185
0 16 1.9420443605655062
0 17 3.8840887211310124
0 18 -0.2571361748281582
0 19 -0.5142723496563164
0 20 1.7864036408893202
0 21 3.5728072817786405
0 22 -0.8441709358006163
0 23 -1.6883418716012326
0 24 -1.2118114860346005
0 25 -2.423622972069201
0 26 0.3046807823427422
0 27 0.6093615646854844
0 28 0.6273005537227578
0 29 1.2546011074455157
0 30 2.1625381460196356
0 31 4.325076292039271
0 32 -2.4742084451600004
0 33 -4.948416890320001
0 34 -3.419591356500862
0 35 -6.839182713001724
0 36 -1.389700901101509
0 37 -2.779401802203018
0 38 -1.177311644578487
0 39 -2.354623289156974
1 13.227888338076028
1 2 8.881784197001252e-16
1 3 1.7763568394002505e-15
1 4 2.6743434262132593
1 5 5.3486868524265185
1 6 1.9973803322023012
1 7 3.9947606644046023
1 8 2.470167463409778
1 9 4.940334926819556
1 10 2.5043059473842577
1 11 5.008611894768515
1 12 -1.5928878270655058
1 13 -3.1857756541310116
1 14 1.7052711053674185
1 15 3.410542210734837
1 16 3.8840887211310124
1 17 7.768177442262025
1 18 -0.5142723496563164
1 19 -1.0285446993126328
1 20 3.5728072817786405
1 21 7.145614563557281
1 22 -1.6883418716012326
1 23 -3.3766837432024652
1 24 -2.423622972069201
1 25 -4.847245944138402
1 26 0.6093615646854844
1 27 1.2187231293709688
1 28 1.2546011074455157
1 29 2.5092022148910313
1 30 4.325076292039271
1 31 8.650152584078542
1 32 -4.948416890320001
1 33 -9.896833780640002
1 34 -6.839182713001724
1 35 -13.678365426003449
1 36 -2.779401802203018
1 37 -5.558803604406036
1 38 -2.354623289156974
1 39 -4.709246578313948
2 -10.40830055856474
2 3 12.004313997630057
2 4 -0.9986901661011505
2 5 -1.997380332202301
2 6 1.3371717131066294
2 7 2.674343426213259
2 8 -1.2521529736921289
2 9 -2.5043059473842577
2 10 1.2350837317048895
2 11 2.470167463409779
2 12 -0.8526355526837093
2 13 -1.7052711053674185
2 14 -0.7964439135327526
2 15 -1.5928878270655051
2 16 0.25713617482815815
2 17 0.5142723496563163
2 18 1.9420443605655062
2 19 3.8840887211310124
2 20 0.8441709358006168
2 21 1.6883418716012335
2 22 1.7864036408893202
2 23 3.5728072817786405
2 24 -0.3046807823427424
2 25 -0.6093615646854847
2 26 -1.2118114860346
2 27 -2.4236229720692
2 28 -2.162538146019635
2 29 -4.32507629203927
2 30 0.6273005537227581
2 31 1.2546011074455161
2 32 3.419591356500862
2 33 6.839182713001724
2 34 -2.4742084451600004
2 35 -4.948416890320001
2 36 1.1773116445784866
2 37 2.354623289156973
2 38 -1.3897009011015091
2 39 -2.7794018022030182
3 -14.81444411831445
3 4 -1.997380332202301
3 5 -3.994760664404602
3 6 2.674343426213259
3 7 5.348686852426518
3 8 -2.5043059473842577
3 9 -5.008611894768515
3 10 2.470167463409779
3 11 4.940334926819558
3 12 -1.7052711053674185
3 13 -3.410542210734837
3 14 -1.5928878270655051
3 15 -3.1857756541310103
3 16 0.5142723496563163
3 17 1.0285446993126326
3 18 3.8840887211310124
3 19 7.768177442262025
3 20 1.6883418716012335
3 21 3.376683743202467
3 22 3.5728072817786405
3 23 7.145614563557281
3 24 -0.6093615646854847
3 25 -1.2187231293709695
3 26 -2.4236229720692
3 27 -4.8472459441384
3 28 -4.32507629203927
3 29 -8.65015258407854
3 30 1.2546011074455161
3 31 2.5092022148910322
3 32 6.839182713001724
3 33 13.678365426003449
3 34 -4.948416890320001
3 35 -9.896833780640002
3 36 2.354623289156973
3 37 4.709246578313946
3 38 -2.7794018022030182
3 39 -5.5588036044060365
4 10.641207857974576
4 5 10.987239118595696
4 6 2.7755575615628914e-16
4 7 5.551115123125783e-16
4 8 0.9268716540683264
4 9 1.8537433081366528
4 10 -0.5695719681607917
4 11 -1.1391439363215834
4 12 -3.434374241127502
4 13 -6.868748482255004
4 14 -1.3595216872709979
4 15 -2.7190433745419957
4 16 -0.591093735353418
4 17 -1.182187470706836
4 18 -0.3922930129265076
4 19 -0.7845860258530152
4 20 1.430350268456401
4 21 2.860700536912802
4 22 0.9448245431899753
4 23 1.8896490863799507
4 24 -1.8042710468663983
4 25 -3.6085420937327966
4 26 -1.2159155675136075
4 27 -2.431831135027215
4 28 0.44408912654594596
4 29 0.8881782530918919
4 30 -0.8949259773768767
4 31 -1.7898519547537535
4 32 0.10148592344775942
4 33 0.20297184689551884
4 34 -2.462771529020671
4 35 -4.925543058041342
4 36 -2.595963958386467
4 37 -5.191927916772934
4 38 -2.8450915020995104
4 39 -5.690183004199021
5 26.776035275246997
5 6 5.551115123125783e-16
5 7 1.1102230246251565e-15
5 8 1.8537433081366528
5 9 3.7074866162733056
5 10 -1.1391439363215834
5 11 -2.278287872643167
5 12 -6.868748482255004
5 13 -13.737496964510008
5 14 -2.7190433745419957
5 15 -5.4380867490839915
5 16 -1.182187470706836
5 17 -2.364374941413672
5 18 -0.7845860258530152
5 19 -1.5691720517060304
5 20 2.860700536912802
5 21 5.721401073825604
5 22 1.8896490863799507
5 23 3.7792981727599013
5 24 -3.6085420937327966
5 25 -7.217084187465593
5 26 -2.431831135027215
5 27 -4.86366227005443
5 28 0.8881782530918919
5 29 1.7763565061837838
5 30 -1.7898519547537535
5 31 -3.579703909507507
5 32 0.20297184689551884
5 33 0.4059436937910377
5 34 -4.925543058041342
5 35 -9.851086116082683
5 36 -5.191927916772934
5 37 -10.383855833545867
5 38 -5.690183004199021
5 39 -11.380366008398042
6 -3.304286597664156
6 7 10.987239118595696
6 8 0.569571968160792
6 9 1.139143936321584
6 10 0.9268716540683267
6 11 1.8537433081366534
6 12 1.3595216872709976
6 13 2.7190433745419953
6 14 -3.4343742411275016
6 15 -6.868748482255003
6 16 0.3922930129265077
6 17 0.7845860258530154
6 18 -0.591093735353418
6 19 -1.182187470706836
6 20 -0.9448245431899753
6 21 -1.8896490863799507
6 22 1.430350268456401
6 23 2.860700536912802
6 24 1.2159155675136075
6 25 2.431831135027215
6 26 -1.8042710468663983
6 27 -3.6085420937327966
6 28 0.8949259773768765
6 29 1.789851954753753
6 30 0.44408912654594584
6 31 0.8881782530918917
6 32 2.4627715290206713
6 33 4.925543058041343
6 34 0.10148592344775942
6 35 0.20297184689551884
6 36 2.8450915020995104
6 37 5.690183004199021
6 38 -2.595963958386467
6 39 -5.191927916772934
7 -1.1149536360304637
7 8 1.139143936321584
7 9 2.278287872643168
7 10 1.8537433081366534
7 11 3.707486616273307
7 12 2.7190433745419953
7 13 5.438086749083991
7 14 -6.868748482255003
7 15 -13.737496964510006
7 16 0.7845860258530154
7 17 1.5691720517060308
7 18 -1.182187470706836
7 19 -2.364374941413672
7 20 -1.8896490863799507
7 21 -3.7792981727599013
7 22 2.860700536912802
7 23 5.721401073825604
7 24 2.431831135027215
7 25 4.86366227005443
7 26 -3.6085420937327966
7 27 -7.217084187465593
7 28 1.789851954753753
7 29 3.579703909507506
7 30 0.8881782530918917
7 31 1.7763565061837834
7 32 4.925543058041343
7 33 9.851086116082685
7 34 0.20297184689551884
7 35 0.4059436937910377
7 36 5.690183004199021
7 37 11.380366008398042
7 38 -5.191927916772934
7 39 -10.383855833545867
8 9.210077360913022
8 9 18.058906465806153
8 10 3.885780586188048e-16
8 11 7.771561172376096e-16
8 12 2.21855855150804
8 13 4.43711710301608
8 14 0.16189766871695965
8 15 0.3237953374339193
8 16 2.905242737522921
8 17 5.810485475045842
8 18 -2.143854817331264
8 19 -4.287709634662528
8 20 -1.2573658306771351
8 21 -2.5147316613542703
8 22 -1.4255845957573343
8 23 -2.8511691915146686
8 24 2.201859842889161
8 25 4.403719685778322
8 26 -2.198160177429451
8 27 -4.396320354858902
8 28 -1.6230774086142588
8 29 -3.2461548172285175
8 30 -0.6229040354537811
8 31 -1.2458080709075623
8 32 -0.6526143855894667
8 33 -1.3052287711789334
8 34 0.33094918325232725
8 35 0.6618983665046545
8 36 -1.3120151139707596
8 37 -2.6240302279415193
8 38 -1.0042776179200297
8 39 -2.0085552358400593
9 27.449607954729117
9 10 7.771561172376096e-16
9 11 1.5543122344752192e-15
9 12 4.43711710301608
9 13 8.87423420603216
9 14 0.3237953374339193
9 15 0.6475906748678386
9 16 5.810485475045842
9 17 11.620970950091683
9 18 -4.287709634662528
9 19 -8.575419269325057
9 20 -2.5147316613542703
9 21 -5.029463322708541
9 22 -2.8511691915146686
9 23 -5.702338383029337
9 24 4.403719685778322
9 25 8.807439371556644
9 26 -4.396320354858902
9 27 -8.792640709717803
9 28 -3.2461548172285175
9 29 -6.492309634457035
9 30 -1.2458080709075623
9 31 -2.4916161418151246
9 32 -1.3052287711789334
9 33 -2.610457542357867
9 34 0.6618983665046545
9 35 1.323796733009309
9 36 -2.6240302279415193
9 37 -5.248060455883039
9 38 -2.0085552358400593
9 39 -4.017110471680119
10 -21.718580863054644
10 11 18.058906465806153
10 12 -0.1618976687169591
10 13 -0.3237953374339182
10 14 2.21855855150804
10 15 4.43711710301608
10 16 2.143854817331264
10 17 4.287709634662528
10 18 2.9052427375229204
10 19 5.810485475045841
10 20 1.425584595757334
10 21 2.851169191514668
10 22 -1.257365830677135
10 23 -2.51473166135427
10 24 2.198160177429451
10 25 4.396320354858902
10 26 2.2018598428891605
10 27 4.403719685778321
10 28 0.622904035453781
10 29 1.245808070907562
10 30 -1.6230774086142592
10 31 -3.2461548172285184
10 32 -0.3309491832523275
10 33 -0.661898366504655
10 34 -0.6526143855894667
10 35 -1.3052287711789334
10 36 1.0042776179200295
10 37 2.008555235840059
10 38 -1.3120151139707596
10 39 -2.6240302279415193
11 -34.407708493206215
11 12 -0.3237953374339182
11 13 -0.6475906748678364
11 14 4.43711710301608
11 15 8.87423420603216
11 16 4.287709634662528
11 17 8.575419269325057
11 18 5.810485475045841
11 19 11.620970950091682
11 20 2.851169191514668
11 21 5.702338383029336
11 22 -2.51473166135427
11 23 -5.02946332270854
11 24 4.396320354858902
11 25 8.792640709717803
11 26 4.403719685778321
11 27 8.807439371556642
11 28 1.245808070907562
11 29 2.491616141815124
11 30 -3.2461548172285184
11 31 -6.492309634457037
11 32 -0.661898366504655
11 33 -1.32379673300931
11 34 -1.3052287711789334
11 35 -2.610457542357867
11 36 2.008555235840059
11 37 4.017110471680118
11 38 -2.6240302279415193
11 39 -5.248060455883039
12 -7.6587871778780245
12 13 19.786920538331593
12 14 4.440892098500626e-16
12 15 8.881784197001252e-16
12 16 3.110073122207077
12 17 6.220146244414154
12 18 -0.646268129117035
12 19 -1.29253625823407
12 20 -0.9121862097614294
12 21 -1.8243724195228588
12 22 -2.4056323288330272
12 23 -4.8112646576660545
12 24 1.9907090856021976
12 25 3.9814181712043952
12 26 -1.56848073821341
12 27 -3.13696147642682
12 28 2.084205522484691
12 29 4.168411044969382
12 30 0.1130593443353921
12 31 0.2261186886707842
12 32 1.3660198922399802
12 33 2.7320397844799604
12 34 3.1835913790496884
12 35 6.367182758099377
12 36 2.6182752008411025
12 37 5.236550401682205
12 38 1.1147923796738695
12 39 2.229584759347739
13 -5.424114086590254
13 14 8.881784197001252e-16
13 15 1.7763568394002505e-15
13 16 6.220146244414154
13 17 12.440292488828309
13 18 -1.29253625823407
13 19 -2.58507251646814
13 20 -1.8243724195228588
13 21 -3.6487448390457176
13 22 -4.8112646576660545
13 23 -9.622529315332109
13 24 3.9814181712043952
13 25 7.9628363424087905
13 26 -3.13696147642682
13 27 -6.27392295285364
13 28 4.168411044969382
13 29 8.336822089938764
13 30 0.2261186886707842
13 31 0.4522373773415684
13 32 2.7320397844799604
13 33 5.464079568959921
13 34 6.367182758099377
13 35 12.734365516198753
13 36 5.236550401682205
13 37 10.47310080336441
13 38 2.229584759347739
13 39 4.459169518695478
14 -24.990104883065964
14 15 19.786920538331593
14 16 0.6462681291170352
14 17 1.2925362582340705
14 18 3.1100731222070768
14 19 6.2201462444141535
14 20 2.4056323288330272
14 21 4.8112646576660545
14 22 -0.9121862097614293
14 23 -1.8243724195228586
14 24 1.56848073821341
14 25 3.13696147642682
14 26 1.9907090856021978
14 27 3.9814181712043957
14 28 -0.11305934433539183
14 29 -0.22611868867078366
14 30 2.0842055224846905
14 31 4.168411044969381
14 32 -3.1835913790496884
14 33 -6.367182758099377
14 34 1.3660198922399804
14 35 2.732039784479961
14 36 -1.1147923796738695
14 37 -2.229584759347739
14 38 2.618275200841102
14 39 5.236550401682204
15 -40.086749496966135
15 16 1.2925362582340705
15 17 2.585072516468141
15 18 6.2201462444141535
15 19 12.440292488828307
15 20 4.8112646576660545
15 21 9.622529315332109
15 22 -1.8243724195228586
15 23 -3.648744839045717
15 24 3.13696147642682
15 25 6.27392295285364
15 26 3.9814181712043957
15 27 7.962836342408791
15 28 -0.22611868867078366
15 29 -0.4522373773415673
15 30 4.168411044969381
15 31 8.336822089938762
15 32 -6.367182758099377
15 33 -12.734365516198753
15 34 2.732039784479961
15 35 5.464079568959922
15 36 -2.229584759347739
15 37 -4.459169518695478
15 38 5.236550401682204
15 39 10.473100803364408
16 -6.158076641201188
16 17 22.71468087102607
16 18 3.3306690738754696e-16
16 19 6.661338147750939e-16
16 20 -3.463935375335797
16 21 -6.927870750671594
16 22 -3.702317564988559
16 23 -7.404635129977118
16 24 1.0268930269095762
16 25 2.0537860538191524
16 26 -1.8774890541598004
16 27 -3.7549781083196008
16 28 0.33402837720079726
16 29 0.6680567544015945
16 30 1.812556635183028
16 31 3.625113270366056
16 32 -3.9107124956379353
16 33 -7.821424991275871
16 34 -1.4987820060145038
16 35 -2.9975640120290077
16 36 4.199281664065711
16 37 8.398563328131422
16 38 -2.5459145870621027
16 39 -5.091829174124205
17 -0.9588128468893444
17 18 6.661338147750939e-16
17 19 1.3322676295501878e-15
17 20 -6.927870750671594
17 21 -13.855741501343187
17 22 -7.404635129977118
17 23 -14.809270259954236
17 24 2.0537860538191524
17 25 4.107572107638305
17 26 -3.7549781083196008
17 27 -7.5099562166392015
17 28 0.6680567544015945
17 29 1.336113508803189
17 30 3.625113270366056
17 31 7.250226540732112
17 32 -7.821424991275871
17 33 -15.642849982551741
17 34 -2.9975640120290077
17 35 -5.995128024058015
17 36 8.398563328131422
17 37 16.797126656262844
17 38 -5.091829174124205
17 39 -10.18365834824841
18 -51.499311262334516
18 19 22.71468087102607
18 20 3.7023175649885585
18 21 7.404635129977117
18 22 -3.463935375335797
18 23 -6.927870750671594
18 24 1.8774890541598002
18 25 3.7549781083196003
18 26 1.0268930269095757
18 27 2.0537860538191515
18 28 -1.812556635183028
18 29 -3.625113270366056
18 30 0.3340283772007975
18 31 0.668056754401595
18 32 1.498782006014503
18 33 2.997564012029006
18 34 -3.9107124956379353
18 35 -7.821424991275871
18 36 2.545914587062103
18 37 5.091829174124206
18 38 4.199281664065711
18 39 8.398563328131422
19 -91.641282089156
19 20 7.404635129977117
19 21 14.809270259954234
19 22 -6.927870750671594
19 23 -13.855741501343187
19 24 3.7549781083196003
19 25 7.509956216639201
19 26 2.0537860538191515
19 27 4.107572107638303
19 28 -3.625113270366056
19 29 -7.250226540732112
19 30 0.668056754401595
19 31 1.33611350880319
19 32 2.997564012029006
19 33 5.995128024058012
19 34 -7.821424991275871
19 35 -15.642849982551741
19 36 5.091829174124206
19 37 10.183658348248413
19 38 8.398563328131422
19 39 16.797126656262844
20 -17.9614537327204
20 21 12.808459218686288
20 22 2.220446049250313e-16
20 23 4.440892098500626e-16
20 24 -0.8576169764185035
20 25 -1.715233952837007
20 26 2.4591721901559827
20 27 4.918344380311965
20 28 2.256093393225648
20 29 4.512186786451296
20 30 0.34878326903527385
20 31 0.6975665380705477
20 32 0.9620722809388452
20 33 1.9241445618776905
20 34 -1.163405630572281
20 35 -2.326811261144562
20 36 -2.6625695423850577
20 37 -5.325139084770115
20 38 1.654928433446503
20 39 3.309856866893006
21 -29.51867785609766
21 22 4.440892098500626e-16
21 23 8.881784197001252e-16
21 24 -1.715233952837007
21 25 -3.430467905674014
21 26 4.918344380311965
21 27 9.83668876062393
21 28 4.512186786451296
21 29 9.024373572902592
21 30 0.6975665380705477
21 31 1.3951330761410954
21 32 1.9241445618776905
21 33 3.848289123755381
21 34 -2.326811261144562
21 35 -4.653622522289124
21 36 -5.325139084770115
21 37 -10.65027816954023
21 38 3.309856866893006
21 39 6.619713733786012
22 18.81056812943956
22 23 12.808459218686288
22 24 -2.4591721901559827
22 25 -4.918344380311965
22 26 -0.8576169764185033
22 27 -1.7152339528370066
22 28 -0.34878326903527385
22 29 -0.6975665380705477
22 30 2.256093393225648
22 31 4.512186786451296
22 32 1.163405630572281
22 33 2.326811261144562
22 34 0.9620722809388451
22 35 1.9241445618776902
22 36 -1.654928433446503
22 37 -3.309856866893006
22 38 -2.6625695423850577
22 39 -5.325139084770115
23 44.02536586822226
23 24 -4.918344380311965
23 25 -9.83668876062393
23 26 -1.7152339528370066
23 27 -3.4304679056740133
23 28 -0.6975665380705477
23 29 -1.3951330761410954
23 30 4.512186786451296
23 31 9.024373572902592
23 32 2.326811261144562
23 33 4.653622522289124
23 34 1.9241445618776902
23 35 3.8482891237553805
23 36 -3.309856866893006
23 37 -6.619713733786012
23 38 -5.325139084770115
23 39 -10.65027816954023
24 -28.153913345033448
24 25 17.275166162329572
24 26 4.440892098500626e-16
24 27 8.881784197001252e-16
24 28 -0.6825867010673534
24 29 -1.3651734021347068
24 30 -4.159796934391826
24 31 -8.319593868783652
24 32 3.8212415442812966
24 33 7.642483088562593
24 34 1.7922596393009482
24 35 3.5845192786018965
24 36 3.0307992769528473
24 37 6.061598553905695
24 38 1.2555079865104246
24 39 2.5110159730208492
25 -47.67024360890211
25 26 8.881784197001252e-16
25 27 1.7763568394002505e-15
25 28 -1.3651734021347068
25 29 -2.7303468042694137
25 30 -8.319593868783652
25 31 -16.639187737567305
25 32 7.642483088562593
25 33 15.284966177125186
25 34 3.5845192786018965
25 35 7.169038557203793
25 36 6.061598553905695
25 37 12.12319710781139
25 38 2.5110159730208492
25 39 5.0220319460416984
26 -7.937235620148166
26 27 17.275166162329572
26 28 4.159796934391826
26 29 8.319593868783652
26 30 -0.6825867010673532
26 31 -1.3651734021347064
26 32 -1.7922596393009478
26 33 -3.5845192786018956
26 34 3.821241544281296
26 35 7.642483088562592
26 36 -1.2555079865104242
26 37 -2.5110159730208483
26 38 3.030799276952847
26 39 6.061598553905694
27 -7.236888159131549
27 28 8.319593868783652
27 29 16.639187737567305
27 30 -1.3651734021347064
27 31 -2.730346804269413
27 32 -3.5845192786018956
27 33 -7.169038557203791
27 34 7.642483088562592
27 35 15.284966177125185
27 36 -2.5110159730208483
27 37 -5.022031946041697
27 38 6.061598553905694
27 39 12.123197107811388
28 -2.7427340819545147
28 29 17.759326891517112
28 30 5.551115123125783e-16
28 31 1.1102230246251565e-15
28 32 -1.299035446151883
28 33 -2.598070892303766
28 34 3.9820692563784377
28 35 7.964138512756875
28 36 0.5957457665679191
28 37 1.1914915331358382
28 38 0.04756247332421626
28 39 0.09512494664843252
29 3.3941952818495267
29 30 1.1102230246251565e-15
29 31 2.220446049250313e-15
29 32 -2.598070892303766
29 33 -5.196141784607532
29 34 7.964138512756875
29 35 15.92827702551375
29 36 1.1914915331358382
29 37 2.3829830662716764
29 38 0.09512494664843252
29 39 0.19024989329686504
30 0.6655313359158366
30 31 17.75932689151711
30 32 -3.982069256378438
30 33 -7.964138512756876
30 34 -1.2990354461518827
30 35 -2.5980708923037654
30 36 -0.04756247332421609
30 37 -0.09512494664843218
30 38 0.5957457665679193
30 39 1.1914915331358387
31 10.21072611759023
31 32 -7.964138512756876
31 33 -15.928277025513752
31 34 -2.5980708923037654
31 35 -5.196141784607531
31 36 -0.09512494664843218
31 37 -0.19024989329686437
31 38 1.1914915331358387
31 39 2.3829830662716773
32 -12.8768550415712
32 33 21.193201909061965
32 34 6.106226635438361e-16
32 35 1.2212453270876722e-15
32 36 0.5541606561054386
32 37 1.1083213122108773
32 38 -1.295270982771253
32 39 -2.590541965542506
33 -15.15710912861142
33 34 1.2212453270876722e-15
33 35 2.4424906541753444e-15
33 36 1.1083213122108773
33 37 2.2166426244217545
33 38 -2.590541965542506
33 39 -5.181083931085012
34 9.531591432333556
34 35 21.193201909061965
34 36 1.295270982771253
34 37 2.590541965542506
34 38 0.5541606561054386
34 39 1.1083213122108773
35 29.659783819198097
35 36 2.590541965542506
35 37 5.181083931085012
35 38 1.1083213122108773
35 39 2.2166426244217545
36 -21.28152086732078
36 37 17.198034043693106
36 38 5.551115123125783e-16
36 39 1.1102230246251565e-15
37 -33.96402471279501
37 38 1.1102230246251565e-15
37 39 2.220446049250313e-15
38 -19.850337695689944
38 39 17.19803404369311
39 -31.101658369533332
