40
1100111011000101001101001111110110110001
0 31.556293113656153
0 1 21.837280766922902
0 2 8.881784197001252e-16
0 3 1.7763568394002505e-15
0 4 1.452569637082378
0 5 2.905139274164756
0 6 -0.3548847406479495
0 7 -0.709769481295899
0 8 0.19051735673099124
0 9 0.3810347134619825
0 10 -4.0663653192885105
0 11 -8.132730638577021
0 12 -2.6544815136802606
0 13 -5.308963027360521
0 14 2.434259059741746
0 15 4.868518119483492
0 16 -2.9806296141702493
0 17 -5.961259228340499
0 18 -2.6148025627018883
0 19 -5.2296051254037765
0 20 1.5960873442879004
0 21 3.192174688575801
0 22 -0.18064627402874978
0 23 -0.36129254805749955
0 24 -1.142318119043471
0 25 -2.284636238086942
0 26 -0.6125817982724653
0 27 -1.2251635965449306
0 28 -2.623341832038095
0 29 -5.24668366407619
0 30 -1.333012772207367
0 31 -2.666025544414734
0 32 -1.9216350758887755
0 33 -3.843270151777551
0 34 0.6849211175766212
0 35 1.3698422351532424
0 36 3.795360591726939
0 37 7.590721183453878
0 38 -2.33247667449715
0 39 -4.6649533489943
1 74.03122661077376
1 2 1.7763568394002505e-15
1 3 3.552713678800501e-15
1 4 2.905139274164756
1 5 5.810278548329512
1 6 -0.709769481295899
1 7 -1.419538962591798
1 8 0.3810347134619825
1 9 0.762069426923965
1 10 -8.132730638577021
1 11 -16.265461277154042
1 12 -5.308963027360521
1 13 -10.617926054721043
1 14 4.868518119483492
1 15 9.737036238966985
1 16 -5.961259228340499
1 17 -11.922518456680997
1 18 -5.2296051254037765
1 19 -10.459210250807553
1 20 3.192174688575801
1 21 6.384349377151602
1 22 -0.36129254805749955
1 23 -0.7225850961149991
1 24 -2.284636238086942
1 25 -4.569272476173884
1 26 -1.2251635965449306
1 27 -2.450327193089861
1 28 -5.24668366407619
1 29 -10.49336732815238
1 30 -2.666025544414734
1 31 -5.332051088829468
1 32 -3.843270151777551
1 33 -7.686540303555102
1 34 1.3698422351532424
1 35 2.739684470306485
1 36 7.590721183453878
1 37 15.181442366907756
1 38 -4.6649533489943
1 39 -9.3299066979886
2 -11.264080737024234
2 3 21.837280766922902
2 4 0.35488474064794984
2 5 0.7097694812958997
2 6 1.452569637082378
2 7 2.905139274164756
2 8 4.0663653192885105
2 9 8.132730638577021
2 10 0.1905173567309909
2 11 0.3810347134619818
2 12 -2.434259059741746
2 13 -4.868518119483492
2 14 -2.6544815136802606
2 15 -5.308963027360521
2 16 2.6148025627018883
2 17 5.2296051254037765
2 18 -2.9806296141702493
2 19 -5.961259228340499
2 20 0.18064627402875044
2 21 0.3612925480575009
2 22 1.5960873442879002
2 23 3.1921746885758004
2 24 0.6125817982724657
2 25 1.2251635965449315
2 26 -1.1423181190434712
2 27 -2.2846362380869425
2 28 1.3330127722073666
2 29 2.666025544414733
2 30 -2.623341832038095
2 31 -5.24668366407619
2 32 -0.6849211175766213
2 33 -1.3698422351532427
2 34 -1.9216350758887755
2 35 -3.843270151777551
2 36 2.332476674497151
2 37 4.664953348994302
2 38 3.79536059172694
2 39 7.59072118345388
3 -11.60952109058702
3 4 0.7097694812958997
3 5 1.4195389625917993
3 6 2.905139274164756
3 7 5.810278548329512
3 8 8.132730638577021
3 9 16.265461277154042
3 10 0.3810347134619818
3 11 0.7620694269239636
3 12 -4.868518119483492
3 13 -9.737036238966985
3 14 -5.308963027360521
3 15 -10.617926054721043
3 16 5.2296051254037765
3 17 10.459210250807553
3 18 -5.961259228340499
3 19 -11.922518456680997
3 20 0.3612925480575009
3 21 0.7225850961150018
3 22 3.1921746885758004
3 23 6.384349377151601
3 24 1.2251635965449315
3 25 2.450327193089863
3 26 -2.2846362380869425
3 27 -4.569272476173885
3 28 2.666025544414733
3 29 5.332051088829466
3 30 -5.24668366407619
3 31 -10.49336732815238
3 32 -1.3698422351532427
3 33 -2.7396844703064853
3 34 -3.843270151777551
3 35 -7.686540303555102
3 36 4.664953348994302
3 37 9.329906697988603
3 38 7.59072118345388
3 39 15.18144236690776
4 3.391597460408941
4 5 6.965779727966016
4 6 1.6653345369377348e-16
4 7 3.3306690738754696e-16
4 8 0.9717580985146002
4 9 1.9435161970292003
4 10 -1.1600595717451874
4 11 -2.3201191434903747
4 12 -0.630671612337647
4 13 -1.261343224675294
4 14 -1.3928628892981922
4 15 -2.7857257785963845
4 16 -0.8505338443626682
4 17 -1.7010676887253364
4 18 -0.28622154837690783
4 19 -0.5724430967538157
4 20 -2.564001086506399
4 21 -5.128002173012798
4 22 1.0634925955100434
4 23 2.1269851910200868
4 24 -2.213661585156533
4 25 -4.427323170313066
4 26 0.5162548829803686
4 27 1.0325097659607372
4 28 -1.597072449143663
4 29 -3.194144898287326
4 30 -1.5172662315459773
4 31 -3.0345324630919546
4 32 0.38804236279361914
4 33 0.7760847255872383
4 34 0.687258373307726
4 35 1.374516746615452
4 36 1.005569015350576
4 37 2.011138030701152
4 38 -0.7676021931718211
4 39 -1.5352043863436422
5 10.26608478480089
5 6 3.3306690738754696e-16
5 7 6.661338147750939e-16
5 8 1.9435161970292003
5 9 3.8870323940584006
5 10 -2.3201191434903747
5 11 -4.6402382869807495
5 12 -1.261343224675294
5 13 -2.522686449350588
5 14 -2.7857257785963845
5 15 -5.571451557192769
5 16 -1.7010676887253364
5 17 -3.402135377450673
5 18 -0.5724430967538157
5 19 -1.1448861935076313
5 20 -5.128002173012798
5 21 -10.256004346025597
5 22 2.1269851910200868
5 23 4.2539703820401735
5 24 -4.427323170313066
5 25 -8.854646340626132
5 26 1.0325097659607372
5 27 2.0650195319214744
5 28 -3.194144898287326
5 29 -6.388289796574652
5 30 -3.0345324630919546
5 31 -6.069064926183909
5 32 0.7760847255872383
5 33 1.5521694511744766
5 34 1.374516746615452
5 35 2.749033493230904
5 36 2.011138030701152
5 37 4.022276061402304
5 38 -1.5352043863436422
5 39 -3.0704087726872844
6 3.565133420957938
6 7 6.965779727966016
6 8 1.1600595717451874
6 9 2.3201191434903747
6 10 0.9717580985146
6 11 1.9435161970292
6 12 1.392862889298192
6 13 2.785725778596384
6 14 -0.6306716123376471
6 15 -1.2613432246752943
6 16 0.2862215483769077
6 17 0.5724430967538154
6 18 -0.8505338443626682
6 19 -1.7010676887253364
6 20 -1.0634925955100434
6 21 -2.1269851910200868
6 22 -2.5640010865063987
6 23 -5.128002173012797
6 24 -0.5162548829803688
6 25 -1.0325097659607376
6 26 -2.2136615851565327
6 27 -4.427323170313065
6 28 1.5172662315459773
6 29 3.0345324630919546
6 30 -1.597072449143663
6 31 -3.194144898287326
6 32 -0.6872583733077261
6 33 -1.3745167466154522
6 34 0.38804236279361903
6 35 0.7760847255872381
6 36 0.7676021931718212
6 37 1.5352043863436424
6 38 1.0055690153505759
6 39 2.0111380307011517
7 10.613156705898884
7 8 2.3201191434903747
7 9 4.6402382869807495
7 10 1.9435161970292
7 11 3.8870323940584
7 12 2.785725778596384
7 13 5.571451557192768
7 14 -1.2613432246752943
7 15 -2.5226864493505885
7 16 0.5724430967538154
7 17 1.1448861935076309
7 18 -1.7010676887253364
7 19 -3.402135377450673
7 20 -2.1269851910200868
7 21 -4.2539703820401735
7 22 -5.128002173012797
7 23 -10.256004346025595
7 24 -1.0325097659607376
7 25 -2.0650195319214752
7 26 -4.427323170313065
7 27 -8.85464634062613
7 28 3.0345324630919546
7 29 6.069064926183909
7 30 -3.194144898287326
7 31 -6.388289796574652
7 32 -1.3745167466154522
7 33 -2.7490334932309044
7 34 0.7760847255872381
7 35 1.5521694511744761
7 36 1.5352043863436424
7 37 3.070408772687285
7 38 2.0111380307011517
7 39 4.022276061402303
8 -6.873441754991525
8 9 10.53727395860767
8 10 2.220446049250313e-16
8 11 4.440892098500626e-16
8 12 0.32694827435967644
8 13 0.6538965487193529
8 14 -3.23882263512459
8 15 -6.47764527024918
8 16 1.2392306314830077
8 17 2.4784612629660154
8 18 -0.8888924758679199
8 19 -1.7777849517358397
8 20 1.6436110625243396
8 21 3.2872221250486793
8 22 1.9339196850862688
8 23 3.8678393701725375
8 24 -1.5517576715064207
8 25 -3.1035153430128415
8 26 0.5489456028300992
8 27 1.0978912056601984
8 28 0.9781206976994697
8 29 1.9562413953989395
8 30 -5.339012818313214
8 31 -10.678025636626428
8 32 -1.5799690788053384
8 33 -3.159938157610677
8 34 0.9331304317015175
8 35 1.866260863403035
8 36 1.7222656123977038
8 37 3.4445312247954076
8 38 4.040583413697984
8 39 8.081166827395968
9 -8.478246530679217
9 10 4.440892098500626e-16
9 11 8.881784197001252e-16
9 12 0.6538965487193529
9 13 1.3077930974387058
9 14 -6.47764527024918
9 15 -12.95529054049836
9 16 2.4784612629660154
9 17 4.956922525932031
9 18 -1.7777849517358397
9 19 -3.5555699034716794
9 20 3.2872221250486793
9 21 6.5744442500973586
9 22 3.8678393701725375
9 23 7.735678740345075
9 24 -3.1035153430128415
9 25 -6.207030686025683
9 26 1.0978912056601984
9 27 2.1957824113203968
9 28 1.9562413953989395
9 29 3.912482790797879
9 30 -10.678025636626428
9 31 -21.356051273252856
9 32 -3.159938157610677
9 33 -6.319876315221354
9 34 1.866260863403035
9 35 3.73252172680607
9 36 3.4445312247954076
9 37 6.889062449590815
9 38 8.081166827395968
9 39 16.162333654791937
10 -16.00085349119292
10 11 10.53727395860767
10 12 3.23882263512459
10 13 6.47764527024918
10 14 0.3269482743596763
10 15 0.6538965487193527
10 16 0.88889247586792
10 17 1.77778495173584
10 18 1.2392306314830077
10 19 2.4784612629660154
10 20 -1.9339196850862685
10 21 -3.867839370172537
10 22 1.6436110625243399
10 23 3.2872221250486797
10 24 -0.5489456028300992
10 25 -1.0978912056601984
10 26 -1.5517576715064207
10 27 -3.1035153430128415
10 28 5.339012818313214
10 29 10.678025636626428
10 30 0.9781206976994696
10 31 1.9562413953989393
10 32 -0.9331304317015179
10 33 -1.8662608634030358
10 34 -1.5799690788053384
10 35 -3.159938157610677
10 36 -4.040583413697983
10 37 -8.081166827395966
10 38 1.7222656123977034
10 39 3.4445312247954067
11 -26.733070003082005
11 12 6.47764527024918
11 13 12.95529054049836
11 14 0.6538965487193527
11 15 1.3077930974387053
11 16 1.77778495173584
11 17 3.55556990347168
11 18 2.4784612629660154
11 19 4.956922525932031
11 20 -3.867839370172537
11 21 -7.735678740345074
11 22 3.2872221250486797
11 23 6.574444250097359
11 24 -1.0978912056601984
11 25 -2.1957824113203968
11 26 -3.1035153430128415
11 27 -6.207030686025683
11 28 10.678025636626428
11 29 21.356051273252856
11 30 1.9562413953989393
11 31 3.9124827907978785
11 32 -1.8662608634030358
11 33 -3.7325217268060715
11 34 -3.159938157610677
11 35 -6.319876315221354
11 36 -8.081166827395966
11 37 -16.162333654791933
11 38 3.4445312247954067
11 39 6.8890624495908135
12 -4.672555312286929
12 13 11.39287265966751
12 14 2.220446049250313e-16
12 15 4.440892098500626e-16
12 16 -0.6332993443534796
12 17 -1.2665986887069591
12 18 1.6274963946126997
12 19 3.2549927892253994
12 20 -1.800857397606096
12 21 -3.601714795212192
12 22 -0.32183539975300246
12 23 -0.6436707995060049
12 24 -0.30558408298874196
12 25 -0.6111681659774839
12 26 1.2838684587316664
12 27 2.567736917463333
12 28 3.9173816193683866
12 29 7.834763238736773
12 30 -1.0805888310816223
12 31 -2.1611776621632446
12 32 -1.1740752304133069
12 33 -2.3481504608266137
12 34 0.1607458174864117
12 35 0.3214916349728234
12 36 -2.951749513948884
12 37 -5.903499027897768
12 38 0.10446919048909487
12 39 0.20893838097818973
13 -3.6486742947401023
13 14 4.440892098500626e-16
13 15 8.881784197001252e-16
13 16 -1.2665986887069591
13 17 -2.5331973774139183
13 18 3.2549927892253994
13 19 6.509985578450799
13 20 -3.601714795212192
13 21 -7.203429590424384
13 22 -0.6436707995060049
13 23 -1.2873415990120098
13 24 -0.6111681659774839
13 25 -1.2223363319549678
13 26 2.567736917463333
13 27 5.135473834926666
13 28 7.834763238736773
13 29 15.669526477473546
13 30 -2.1611776621632446
13 31 -4.322355324326489
13 32 -2.3481504608266137
13 33 -4.696300921653227
13 34 0.3214916349728234
13 35 0.6429832699456468
13 36 -5.903499027897768
13 37 -11.806998055795535
13 38 0.20893838097818973
13 39 0.41787676195637946
14 14.565099634548194
14 15 11.39287265966751
14 16 -1.6274963946127
14 17 -3.2549927892254
14 18 -0.6332993443534796
14 19 -1.2665986887069591
14 20 0.32183539975300257
14 21 0.6436707995060051
14 22 -1.8008573976060958
14 23 -3.6017147952121915
14 24 -1.2838684587316664
14 25 -2.567736917463333
14 26 -0.30558408298874196
14 27 -0.6111681659774839
14 28 1.0805888310816225
14 29 2.161177662163245
14 30 3.9173816193683866
14 31 7.834763238736773
14 32 -0.16074581748641192
14 33 -0.32149163497282385
14 34 -1.174075230413307
14 35 -2.348150460826614
14 36 -0.10446919048909509
14 37 -0.20893838097819017
14 38 -2.951749513948884
14 39 -5.903499027897768
15 34.82663559893014
15 16 -3.2549927892254
15 17 -6.5099855784508
15 18 -1.2665986887069591
15 19 -2.5331973774139183
15 20 0.6436707995060051
15 21 1.2873415990120103
15 22 -3.6017147952121915
15 23 -7.203429590424383
15 24 -2.567736917463333
15 25 -5.135473834926666
15 26 -0.6111681659774839
15 27 -1.2223363319549678
15 28 2.161177662163245
15 29 4.32235532432649
15 30 7.834763238736773
15 31 15.669526477473546
15 32 -0.32149163497282385
15 33 -0.6429832699456477
15 34 -2.348150460826614
15 35 -4.696300921653228
15 36 -0.20893838097819017
15 37 -0.41787676195638035
15 38 -5.903499027897768
15 39 -11.806998055795535
16 -25.756129369428308
16 17 10.762190819559896
16 18 4.2674197509029455e-16
16 19 8.534839501805891e-16
16 20 1.5111515914356548
16 21 3.0223031828713096
16 22 3.457490263438817
16 23 6.914980526877634
16 24 2.0376196674739493
16 25 4.075239334947899
16 26 -2.0308320423607378
16 27 -4.0616640847214756
16 28 -0.4997973258408115
16 29 -0.999594651681623
16 30 -0.23152315752451624
16 31 -0.4630463150490325
16 32 1.164562603827391
16 33 2.329125207654782
16 34 -0.4652299410064582
16 35 -0.9304598820129164
16 36 0.11321688913935185
16 37 0.2264337782787037
16 38 3.1961151965480608
16 39 6.3922303930961215
17 -46.131163329076664
17 18 8.534839501805891e-16
17 19 1.7069679003611782e-15
17 20 3.0223031828713096
17 21 6.044606365742619
17 22 6.914980526877634
17 23 13.829961053755268
17 24 4.075239334947899
17 25 8.150478669895797
17 26 -4.0616640847214756
17 27 -8.123328169442951
17 28 -0.999594651681623
17 29 -1.999189303363246
17 30 -0.4630463150490325
17 31 -0.926092630098065
17 32 2.329125207654782
17 33 4.658250415309564
17 34 -0.9304598820129164
17 35 -1.8609197640258328
17 36 0.2264337782787037
17 37 0.4528675565574074
17 38 6.3922303930961215
17 39 12.784460786192243
18 -17.2392988644699
18 19 10.762190819559896
18 20 -3.457490263438817
18 21 -6.914980526877634
18 22 1.511151591435655
18 23 3.02230318287131
18 24 2.030832042360738
18 25 4.061664084721476
18 26 2.0376196674739493
18 27 4.075239334947899
18 28 0.23152315752451624
18 29 0.4630463150490325
18 30 -0.4997973258408115
18 31 -0.999594651681623
18 32 0.4652299410064582
18 33 0.9304598820129164
18 34 1.1645626038273909
18 35 2.3291252076547817
18 36 -3.196115196548061
18 37 -6.392230393096122
18 38 0.11321688913935193
18 39 0.22643377827870387
19 -29.09750231915985
19 20 -6.914980526877634
19 21 -13.829961053755268
19 22 3.02230318287131
19 23 6.04460636574262
19 24 4.061664084721476
19 25 8.123328169442953
19 26 4.075239334947899
19 27 8.150478669895797
19 28 0.4630463150490325
19 29 0.926092630098065
19 30 -0.999594651681623
19 31 -1.999189303363246
19 32 0.9304598820129164
19 33 1.8609197640258328
19 34 2.3291252076547817
19 35 4.658250415309563
19 36 -6.392230393096122
19 37 -12.784460786192245
19 38 0.22643377827870387
19 39 0.45286755655740774
20 26.87475841092944
20 21 28.826931441444877
20 22 1.1102230246251565e-15
20 23 2.220446049250313e-15
20 24 2.5318286820065268
20 25 5.0636573640130536
20 26 1.4563022844299054
20 27 2.912604568859811
20 28 0.3070124807225407
20 29 0.6140249614450815
20 30 -0.9117418601550242
20 31 -1.8234837203100485
20 32 -3.3599779757987482
20 33 -6.7199559515974965
20 34 0.011353330718379712
20 35 0.022706661436759423
20 36 1.3676520541791863
20 37 2.7353041083583727
20 38 -0.3048411955459057
20 39 -0.6096823910918114
21 68.16298254258132
21 22 2.220446049250313e-15
21 23 4.440892098500626e-15
21 24 5.0636573640130536
21 25 10.127314728026107
21 26 2.912604568859811
21 27 5.825209137719622
21 28 0.6140249614450815
21 29 1.228049922890163
21 30 -1.8234837203100485
21 31 -3.646967440620097
21 32 -6.7199559515974965
21 33 -13.439911903194993
21 34 0.022706661436759423
21 35 0.04541332287351885
21 36 2.7353041083583727
21 37 5.470608216716745
21 38 -0.6096823910918114
21 39 -1.2193647821836229
22 -38.12509474021747
22 23 28.826931441444877
22 24 -1.4563022844299052
22 25 -2.9126045688598103
22 26 2.531828682006526
22 27 5.063657364013052
22 28 0.9117418601550236
22 29 1.8234837203100471
22 30 0.3070124807225406
22 31 0.6140249614450812
22 32 -0.011353330718380128
22 33 -0.022706661436760256
22 34 -3.359977975798749
22 35 -6.719955951597498
22 36 0.30484119554590583
22 37 0.6096823910918117
22 38 1.367652054179186
22 39 2.735304108358372
23 -61.83672375971251
23 24 -2.9126045688598103
23 25 -5.825209137719621
23 26 5.063657364013052
23 27 10.127314728026104
23 28 1.8234837203100471
23 29 3.6469674406200943
23 30 0.6140249614450812
23 31 1.2280499228901625
23 32 -0.022706661436760256
23 33 -0.04541332287352051
23 34 -6.719955951597498
23 35 -13.439911903194997
23 36 0.6096823910918117
23 37 1.2193647821836233
23 38 2.735304108358372
23 39 5.470608216716744
24 -3.6577098022169086
24 25 22.62834881924799
24 26 8.881784197001252e-16
24 27 1.7763568394002505e-15
24 28 -2.0789233052056613
24 29 -4.1578466104113225
24 30 -0.5926229810858907
24 31 -1.1852459621717815
24 32 -1.7475785177182823
24 33 -3.4951570354365646
24 34 2.8534425694513934
24 35 5.706885138902787
24 36 -2.756001374873896
24 37 -5.512002749747792
24 38 -0.5242332665005071
24 39 -1.0484665330010141
25 3.9987548051901776
25 26 1.7763568394002505e-15
25 27 3.552713678800501e-15
25 28 -4.1578466104113225
25 29 -8.315693220822645
25 30 -1.1852459621717815
25 31 -2.370491924343563
25 32 -3.4951570354365646
25 33 -6.990314070873129
25 34 5.706885138902787
25 35 11.413770277805574
25 36 -5.512002749747792
25 37 -11.024005499495583
25 38 -1.0484665330010141
25 39 -2.0969330660020282
26 4.8553127361546995
26 27 22.62834881924799
26 28 0.5926229810858901
26 29 1.1852459621717801
26 30 -2.0789233052056613
26 31 -4.1578466104113225
26 32 -2.853442569451394
26 33 -5.706885138902788
26 34 -1.747578517718282
26 35 -3.495157035436564
26 36 0.5242332665005066
26 37 1.0484665330010132
26 38 -2.7560013748738963
26 39 -5.512002749747793
27 21.024799881933394
27 28 1.1852459621717801
27 29 2.3704919243435603
27 30 -4.1578466104113225
27 31 -8.315693220822645
27 32 -5.706885138902788
27 33 -11.413770277805575
27 34 -3.495157035436564
27 35 -6.990314070873128
27 36 1.0484665330010132
27 37 2.0969330660020264
27 38 -5.512002749747793
27 39 -11.024005499495585
28 -13.457593371474236
28 29 20.178504181565287
28 30 5.551115123125783e-16
28 31 1.1102230246251565e-15
28 32 -1.4659598261437359
28 33 -2.9319196522874718
28 34 -3.2593156662235896
28 35 -6.518631332447179
28 36 -2.734236149315189
28 37 -5.468472298630378
28 38 2.212387366119294
28 39 4.424774732238588
29 -16.825934652165824
29 30 1.1102230246251565e-15
29 31 2.220446049250313e-15
29 32 -2.9319196522874718
29 33 -5.8638393045749435
29 34 -6.518631332447179
29 35 -13.037262664894358
29 36 -5.468472298630378
29 37 -10.936944597260757
29 38 4.424774732238588
29 39 8.849549464477176
30 4.647897922328175
30 31 20.178504181565287
30 32 3.259315666223589
30 33 6.518631332447178
30 34 -1.4659598261437359
30 35 -2.9319196522874718
30 36 -2.212387366119294
30 37 -4.424774732238588
30 38 -2.734236149315189
30 39 -5.468472298630378
31 19.385047935438998
31 32 6.518631332447178
31 33 13.037262664894357
31 34 -2.9319196522874718
31 35 -5.8638393045749435
31 36 -4.424774732238588
31 37 -8.849549464477176
31 38 -5.468472298630378
31 39 -10.936944597260757
32 -9.201844065679062
32 33 11.776039309822302
32 34 3.3306690738754696e-16
32 35 6.661338147750939e-16
32 36 1.0310784776772004
32 37 2.062156955354401
32 38 0.955450152512246
32 39 1.910900305024492
33 -12.51566847644697
33 34 6.661338147750939e-16
33 35 1.3322676295501878e-15
33 36 2.062156955354401
33 37 4.124313910708802
33 38 1.910900305024492
33 39 3.821800610048984
34 9.04235433089364
34 35 11.776039309822302
34 36 -0.955450152512246
34 37 -1.910900305024492
34 38 1.0310784776772002
34 39 2.0621569553544004
35 23.97272831669843
35 36 -1.910900305024492
35 37 -3.821800610048984
35 38 2.0621569553544004
35 39 4.124313910708801
36 13.6315650410875
36 37 15.96823882252
36 38 4.440892098500626e-16
36 39 8.881784197001252e-16
37 35.247249493435
37 38 8.881784197001252e-16
37 39 1.7763568394002505e-15
38 -25.498372782651597
38 39 15.96823882252
39 -43.01262615404319
