40
1100111011000101001101001111110110110001
0 1.7056614162434256
0 1 19.91128598985783
0 2 4.440892098500626e-16
0 3 8.881784197001252e-16
0 4 3.657569163269616
0 5 7.315138326539232
0 6 0.26430045703118554
0 7 0.5286009140623711
0 8 -0.8214743941190101
0 9 -1.6429487882380203
0 10 4.114963096789197
0 11 8.229926193578393
0 12 -1.0260128772082306
0 13 -2.0520257544164613
0 14 0.9504169808547279
0 15 1.9008339617094558
0 16 2.0569197429054844
0 17 4.113839485810969
0 18 -0.9012685521846003
0 19 -1.8025371043692007
0 20 0.7656786304183629
0 21 1.5313572608367259
0 22 -0.5795900032632924
0 23 -1.1591800065265847
0 24 -1.77053071819336
0 25 -3.54106143638672
0 26 -1.814499277694335
0 27 -3.62899855538867
0 28 0.07394697347652229
0 29 0.14789394695304459
0 30 -2.633793722820038
0 31 -5.267587445640076
0 32 -2.8522552553469733
0 33 -5.704510510693947
0 34 -3.110197946850489
0 35 -6.220395893700978
0 36 -5.249229907236896
0 37 -10.498459814473792
0 38 1.8971164599668269
0 39 3.7942329199336537
1 13.366965827415765
1 2 8.881784197001252e-16
1 3 1.7763568394002505e-15
1 4 7.315138326539232
1 5 14.630276653078464
1 6 0.5286009140623711
1 7 1.0572018281247422
1 8 -1.6429487882380203
1 9 -3.2858975764760405
1 10 8.229926193578393
1 11 16.459852387156786
1 12 -2.0520257544164613
1 13 -4.104051508832923
1 14 1.9008339617094558
1 15 3.8016679234189117
1 16 4.113839485810969
1 17 8.227678971621938
1 18 -1.8025371043692007
1 19 -3.6050742087384013
1 20 1.5313572608367259
1 21 3.0627145216734517
1 22 -1.1591800065265847
1 23 -2.3183600130531694
1 24 -3.54106143638672
1 25 -7.08212287277344
1 26 -3.62899855538867
1 27 -7.25799711077734
1 28 0.14789394695304459
1 29 0.29578789390608917
1 30 -5.267587445640076
1 31 -10.535174891280151
1 32 -5.704510510693947
1 33 -11.409021021387893
1 34 -6.220395893700978
1 35 -12.440791787401956
1 36 -10.498459814473792
1 37 -20.996919628947584
1 38 3.7942329199336537
1 39 7.5884658398673075
2 -6.480546173517975
2 3 19.91128598985783
2 4 -0.2643004570311851
2 5 -0.5286009140623702
2 6 3.657569163269616
2 7 7.315138326539232
2 8 -4.114963096789197
2 9 -8.229926193578393
2 10 -0.8214743941190097
2 11 -1.6429487882380194
2 12 -0.9504169808547278
2 13 -1.9008339617094556
2 14 -1.026012877208231
2 15 -2.052025754416462
2 16 0.9012685521846007
2 17 1.8025371043692013
2 18 2.056919742905485
2 19 4.11383948581097
2 20 0.5795900032632924
2 21 1.1591800065265847
2 22 0.7656786304183629
2 23 1.5313572608367259
2 24 1.814499277694335
2 25 3.62899855538867
2 26 -1.7705307181933603
2 27 -3.5410614363867206
2 28 2.633793722820038
2 29 5.267587445640076
2 30 0.07394697347652213
2 31 0.14789394695304425
2 32 3.110197946850489
2 33 6.220395893700978
2 34 -2.8522552553469733
2 35 -5.704510510693947
2 36 -1.8971164599668278
2 37 -3.7942329199336555
2 38 -5.249229907236896
2 39 -10.498459814473792
3 -3.0054493521070356
3 4 -0.5286009140623702
3 5 -1.0572018281247404
3 6 7.315138326539232
3 7 14.630276653078464
3 8 -8.229926193578393
3 9 -16.459852387156786
3 10 -1.6429487882380194
3 11 -3.2858975764760388
3 12 -1.9008339617094556
3 13 -3.8016679234189112
3 14 -2.052025754416462
3 15 -4.104051508832924
3 16 1.8025371043692013
3 17 3.6050742087384027
3 18 4.11383948581097
3 19 8.22767897162194
3 20 1.1591800065265847
3 21 2.3183600130531694
3 22 1.5313572608367259
3 23 3.0627145216734517
3 24 3.62899855538867
3 25 7.25799711077734
3 26 -3.5410614363867206
3 27 -7.082122872773441
3 28 5.267587445640076
3 29 10.535174891280151
3 30 0.14789394695304425
3 31 0.2957878939060885
3 32 6.220395893700978
3 33 12.440791787401956
3 34 -5.704510510693947
3 35 -11.409021021387893
3 36 -3.7942329199336555
3 37 -7.588465839867311
3 38 -10.498459814473792
3 39 -20.996919628947584
4 3.4848516679457955
4 5 12.986158283385375
4 6 2.220446049250313e-16
4 7 4.440892098500626e-16
4 8 -1.4308809337989654
4 9 -2.861761867597931
4 10 3.740034395735712
4 11 7.480068791471424
4 12 1.3585856090942245
4 13 2.717171218188449
4 14 -0.43527462720667004
4 15 -0.8705492544133401
4 16 -2.8953803575880896
4 17 -5.790760715176179
4 18 -1.4786712541598408
4 19 -2.9573425083196816
4 20 -2.011417465514931
4 21 -4.022834931029862
4 22 0.26331289465056484
4 23 0.5266257893011297
4 24 -0.9334445815170815
4 25 -1.866889163034163
4 26 -0.5752369865878142
4 27 -1.1504739731756284
4 28 -1.514884686874253
4 29 -3.029769373748506
4 30 -1.4400500602595017
4 31 -2.8801001205190033
4 32 -2.6195175066162184
4 33 -5.239035013232437
4 34 -4.034286527209902
4 35 -8.068573054419804
4 36 -1.9600102008012152
4 37 -3.9200204016024305
4 38 -0.42448563248203397
4 39 -0.8489712649640679
5 13.462782477584277
5 6 4.440892098500626e-16
5 7 8.881784197001252e-16
5 8 -2.861761867597931
5 9 -5.723523735195862
5 10 7.480068791471424
5 11 14.960137582942847
5 12 2.717171218188449
5 13 5.434342436376898
5 14 -0.8705492544133401
5 15 -1.7410985088266802
5 16 -5.790760715176179
5 17 -11.581521430352359
5 18 -2.9573425083196816
5 19 -5.914685016639363
5 20 -4.022834931029862
5 21 -8.045669862059723
5 22 0.5266257893011297
5 23 1.0532515786022594
5 24 -1.866889163034163
5 25 -3.733778326068326
5 26 -1.1504739731756284
5 27 -2.3009479463512568
5 28 -3.029769373748506
5 29 -6.059538747497012
5 30 -2.8801001205190033
5 31 -5.760200241038007
5 32 -5.239035013232437
5 33 -10.478070026464874
5 34 -8.068573054419804
5 35 -16.13714610883961
5 36 -3.9200204016024305
5 37 -7.840040803204861
5 38 -0.8489712649640679
5 39 -1.6979425299281359
6 -1.5678932842361366
6 7 12.986158283385375
6 8 -3.7400343957357123
6 9 -7.480068791471425
6 10 -1.4308809337989654
6 11 -2.861761867597931
6 12 0.4352746272066702
6 13 0.8705492544133404
6 14 1.358585609094225
6 15 2.71717121818845
6 16 1.4786712541598404
6 17 2.9573425083196807
6 18 -2.895380357588089
6 19 -5.790760715176178
6 20 -0.2633128946505652
6 21 -0.5266257893011304
6 22 -2.011417465514931
6 23 -4.022834931029862
6 24 0.5752369865878143
6 25 1.1504739731756286
6 26 -0.9334445815170813
6 27 -1.8668891630341626
6 28 1.4400500602595014
6 29 2.880100120519003
6 30 -1.514884686874253
6 31 -3.029769373748506
6 32 4.034286527209901
6 33 8.068573054419803
6 34 -2.6195175066162184
6 35 -5.239035013232437
6 36 0.4244856324820337
6 37 0.8489712649640674
6 38 -1.9600102008012152
6 39 -3.9200204016024305
7 3.3572925732204126
7 8 -7.480068791471425
7 9 -14.96013758294285
7 10 -2.861761867597931
7 11 -5.723523735195862
7 12 0.8705492544133404
7 13 1.7410985088266808
7 14 2.71717121818845
7 15 5.4343424363769
7 16 2.9573425083196807
7 17 5.914685016639361
7 18 -5.790760715176178
7 19 -11.581521430352357
7 20 -0.5266257893011304
7 21 -1.0532515786022607
7 22 -4.022834931029862
7 23 -8.045669862059723
7 24 1.1504739731756286
7 25 2.300947946351257
7 26 -1.8668891630341626
7 27 -3.7337783260683253
7 28 2.880100120519003
7 29 5.760200241038006
7 30 -3.029769373748506
7 31 -6.059538747497012
7 32 8.068573054419803
7 33 16.137146108839605
7 34 -5.239035013232437
7 35 -10.478070026464874
7 36 0.8489712649640674
7 37 1.6979425299281348
7 38 -3.9200204016024305
7 39 -7.840040803204861
8 10.028051506179239
8 9 20.949580879671608
8 10 7.771561172376096e-16
8 11 1.5543122344752192e-15
8 12 -3.4506865562301554
8 13 -6.901373112460311
8 14 0.7042634546254327
8 15 1.4085269092508654
8 16 3.416836527141183
8 17 6.833673054282366
8 18 1.5774184172583556
8 19 3.1548368345167113
8 20 -0.37356626319361597
8 21 -0.7471325263872319
8 22 1.4636903593573527
8 23 2.9273807187147054
8 24 -1.1363505730787065
8 25 -2.272701146157413
8 26 -2.284152066992975
8 27 -4.56830413398595
8 28 -0.7519672303671101
8 29 -1.5039344607342202
8 30 1.9497026827390556
8 31 3.899405365478111
8 32 -1.7269586585692591
8 33 -3.4539173171385182
8 34 5.623859632580796
8 35 11.247719265161592
8 36 1.1936609683663713
8 37 2.3873219367327425
8 38 0.12691174417414824
8 39 0.2538234883482965
9 30.53089345219428
9 10 1.5543122344752192e-15
9 11 3.1086244689504383e-15
9 12 -6.901373112460311
9 13 -13.802746224920622
9 14 1.4085269092508654
9 15 2.817053818501731
9 16 6.833673054282366
9 17 13.667346108564733
9 18 3.1548368345167113
9 19 6.3096736690334225
9 20 -0.7471325263872319
9 21 -1.4942650527744639
9 22 2.9273807187147054
9 23 5.854761437429411
9 24 -2.272701146157413
9 25 -4.545402292314826
9 26 -4.56830413398595
9 27 -9.1366082679719
9 28 -1.5039344607342202
9 29 -3.0078689214684404
9 30 3.899405365478111
9 31 7.798810730956222
9 32 -3.4539173171385182
9 33 -6.9078346342770365
9 34 11.247719265161592
9 35 22.495438530323185
9 36 2.3873219367327425
9 37 4.774643873465485
9 38 0.2538234883482965
9 39 0.507646976696593
10 -5.785919702079328
10 11 20.94958087967161
10 12 -0.7042634546254332
10 13 -1.4085269092508663
10 14 -3.450686556230155
10 15 -6.90137311246031
10 16 -1.577418417258355
10 17 -3.15483683451671
10 18 3.416836527141183
10 19 6.833673054282366
10 20 -1.4636903593573527
10 21 -2.9273807187147054
10 22 -0.3735662631936161
10 23 -0.7471325263872322
10 24 2.2841520669929745
10 25 4.568304133985949
10 26 -1.1363505730787062
10 27 -2.2727011461574125
10 28 -1.9497026827390556
10 29 -3.899405365478111
10 30 -0.75196723036711
10 31 -1.50393446073422
10 32 -5.623859632580797
10 33 -11.247719265161594
10 34 -1.7269586585692593
10 35 -3.4539173171385187
10 36 -0.12691174417414822
10 37 -0.25382348834829643
10 38 1.1936609683663717
10 39 2.3873219367327434
11 -1.0970489643228518
11 12 -1.4085269092508663
11 13 -2.8170538185017326
11 14 -6.90137311246031
11 15 -13.80274622492062
11 16 -3.15483683451671
11 17 -6.30967366903342
11 18 6.833673054282366
11 19 13.667346108564733
11 20 -2.9273807187147054
11 21 -5.854761437429411
11 22 -0.7471325263872322
11 23 -1.4942650527744643
11 24 4.568304133985949
11 25 9.136608267971898
11 26 -2.2727011461574125
11 27 -4.545402292314825
11 28 -3.899405365478111
11 29 -7.798810730956222
11 30 -1.50393446073422
11 31 -3.00786892146844
11 32 -11.247719265161594
11 33 -22.495438530323188
11 34 -3.4539173171385187
11 35 -6.907834634277037
11 36 -0.25382348834829643
11 37 -0.5076469766965929
11 38 2.3873219367327434
11 39 4.774643873465487
12 -16.58951885920221
12 13 26.140674392551933
12 14 4.440892098500626e-16
12 15 8.881784197001252e-16
12 16 -1.963286124308497
12 17 -3.926572248616994
12 18 -0.27787975520686975
12 19 -0.5557595104137395
12 20 1.9683157241741556
12 21 3.936631448348311
12 22 -0.3572012732863734
12 23 -0.7144025465727468
12 24 0.935377375800698
12 25 1.870754751601396
12 26 -0.9340889915988709
12 27 -1.8681779831977419
12 28 1.1359397938078297
12 29 2.2718795876156594
12 30 -4.325238788431001
12 31 -8.650477576862002
12 32 4.8454015675319635
12 33 9.690803135063927
12 34 0.04856829202379693
12 35 0.09713658404759386
12 36 -1.1810009676617457
12 37 -2.3620019353234913
12 38 2.1636920461688236
12 39 4.327384092337647
13 -20.108700522128455
13 14 8.881784197001252e-16
13 15 1.7763568394002505e-15
13 16 -3.926572248616994
13 17 -7.853144497233988
13 18 -0.5557595104137395
13 19 -1.111519020827479
13 20 3.936631448348311
13 21 7.873262896696622
13 22 -0.7144025465727468
13 23 -1.4288050931454936
13 24 1.870754751601396
13 25 3.741509503202792
13 26 -1.8681779831977419
13 27 -3.7363559663954837
13 28 2.2718795876156594
13 29 4.543759175231319
13 30 -8.650477576862002
13 31 -17.300955153724004
13 32 9.690803135063927
13 33 19.381606270127854
13 34 0.09713658404759386
13 35 0.19427316809518771
13 36 -2.3620019353234913
13 37 -4.724003870646983
13 38 4.327384092337647
13 39 8.654768184675294
14 -16.348926634535278
14 15 26.140674392551933
14 16 0.2778797552068698
14 17 0.5557595104137396
14 18 -1.9632861243084974
14 19 -3.9265722486169947
14 20 0.3572012732863734
14 21 0.7144025465727468
14 22 1.9683157241741553
14 23 3.9366314483483107
14 24 0.9340889915988714
14 25 1.8681779831977428
14 26 0.935377375800698
14 27 1.870754751601396
14 28 4.325238788431001
14 29 8.650477576862002
14 30 1.13593979380783
14 31 2.27187958761566
14 32 -0.048568292023796734
14 33 -0.09713658404759347
14 34 4.8454015675319635
14 35 9.690803135063927
14 36 -2.1636920461688236
14 37 -4.327384092337647
14 38 -1.1810009676617461
14 39 -2.3620019353234922
15 -19.627516072794588
15 16 0.5557595104137396
15 17 1.1115190208274792
15 18 -3.9265722486169947
15 19 -7.853144497233989
15 20 0.7144025465727468
15 21 1.4288050931454936
15 22 3.9366314483483107
15 23 7.873262896696621
15 24 1.8681779831977428
15 25 3.7363559663954855
15 26 1.870754751601396
15 27 3.741509503202792
15 28 8.650477576862002
15 29 17.300955153724004
15 30 2.27187958761566
15 31 4.54375917523132
15 32 -0.09713658404759347
15 33 -0.19427316809518694
15 34 9.690803135063927
15 35 19.381606270127854
15 36 -4.327384092337647
15 37 -8.654768184675294
15 38 -2.3620019353234922
15 39 -4.7240038706469845
16 2.0473351455945945
16 17 14.196984760235038
16 18 4.996003610813204e-16
16 19 9.992007221626409e-16
16 20 1.9355781355898198
16 21 3.8711562711796397
16 22 -1.0786876502938743
16 23 -2.1573753005877485
16 24 -0.5888148426372422
16 25 -1.1776296852744843
16 26 -3.274875959037377
16 27 -6.549751918074754
16 28 0.6098449459666958
16 29 1.2196898919333916
16 30 -0.3337068064546691
16 31 -0.6674136129093382
16 32 1.9981950649327405
16 33 3.996390129865481
16 34 2.8549604953709604
16 35 5.709920990741921
16 36 -1.1925262013944922
16 37 -2.3850524027889843
16 38 0.03932593877901558
16 39 0.07865187755803116
17 11.193162671306709
17 18 9.992007221626409e-16
17 19 1.9984014443252818e-15
17 20 3.8711562711796397
17 21 7.742312542359279
17 22 -2.1573753005877485
17 23 -4.314750601175497
17 24 -1.1776296852744843
17 25 -2.3552593705489686
17 26 -6.549751918074754
17 27 -13.099503836149507
17 28 1.2196898919333916
17 29 2.4393797838667832
17 30 -0.6674136129093382
17 31 -1.3348272258186764
17 32 3.996390129865481
17 33 7.992780259730962
17 34 5.709920990741921
17 35 11.419841981483842
17 36 -2.3850524027889843
17 37 -4.770104805577969
17 38 0.07865187755803116
17 39 0.15730375511606232
18 -13.122199572772825
18 19 14.196984760235036
18 20 1.0786876502938745
18 21 2.157375300587749
18 22 1.9355781355898194
18 23 3.871156271179639
18 24 3.274875959037377
18 25 6.549751918074754
18 26 -0.5888148426372426
18 27 -1.1776296852744852
18 28 0.3337068064546693
18 29 0.6674136129093386
18 30 0.6098449459666957
18 31 1.2196898919333914
18 32 -2.8549604953709604
18 33 -5.709920990741921
18 34 1.9981950649327405
18 35 3.996390129865481
18 36 -0.03932593877901569
18 37 -0.07865187755803138
18 38 -1.1925262013944922
18 39 -2.3850524027889843
19 -19.14590676542813
19 20 2.157375300587749
19 21 4.314750601175498
19 22 3.871156271179639
19 23 7.742312542359278
19 24 6.549751918074754
19 25 13.099503836149507
19 26 -1.1776296852744852
19 27 -2.3552593705489704
19 28 0.6674136129093386
19 29 1.3348272258186773
19 30 1.2196898919333914
19 31 2.439379783866783
19 32 -5.709920990741921
19 33 -11.419841981483842
19 34 3.996390129865481
19 35 7.992780259730962
19 36 -0.07865187755803138
19 37 -0.15730375511606276
19 38 -2.3850524027889843
19 39 -4.770104805577969
20 -8.187372281428303
20 21 8.146061776473985
20 22 2.498001805406602e-16
20 23 4.996003610813204e-16
20 24 0.16513576728180163
20 25 0.33027153456360325
20 26 0.07900811576941932
20 27 0.15801623153883865
20 28 0.36047083909983807
20 29 0.7209416781996761
20 30 -2.0065106926284186
20 31 -4.013021385256837
20 32 1.6223936988934662
20 33 3.2447873977869324
20 34 1.2980067007937313
20 35 2.5960134015874625
20 36 -0.19100810757757186
20 37 -0.3820162151551437
20 38 1.9807617111313869
20 39 3.9615234222627738
21 -12.301713674619611
21 22 4.996003610813204e-16
21 23 9.992007221626409e-16
21 24 0.33027153456360325
21 25 0.6605430691272065
21 26 0.15801623153883865
21 27 0.3160324630776773
21 28 0.7209416781996761
21 29 1.4418833563993523
21 30 -4.013021385256837
21 31 -8.026042770513675
21 32 3.2447873977869324
21 33 6.489574795573865
21 34 2.5960134015874625
21 35 5.192026803174925
21 36 -0.3820162151551437
21 37 -0.7640324303102874
21 38 3.9615234222627738
21 39 7.9230468445255475
22 -9.663732014513531
22 23 8.146061776473985
22 24 -0.07900811576941921
22 25 -0.15801623153883843
22 26 0.16513576728180174
22 27 0.3302715345636035
22 28 2.0065106926284186
22 29 4.013021385256837
22 30 0.36047083909983796
22 31 0.7209416781996759
22 32 -1.298006700793731
22 33 -2.596013401587462
22 34 1.622393698893466
22 35 3.244787397786932
22 36 -1.9807617111313869
22 37 -3.9615234222627738
22 38 -0.19100810757757192
22 39 -0.38201621515514383
23 -15.254433140790068
23 24 -0.15801623153883843
23 25 -0.31603246307767685
23 26 0.3302715345636035
23 27 0.660543069127207
23 28 4.013021385256837
23 29 8.026042770513675
23 30 0.7209416781996759
23 31 1.4418833563993518
23 32 -2.596013401587462
23 33 -5.192026803174924
23 34 3.244787397786932
23 35 6.489574795573864
23 36 -3.9615234222627738
23 37 -7.9230468445255475
23 38 -0.38201621515514383
23 39 -0.7640324303102877
24 -18.665164007373427
24 25 14.460100602702813
24 26 3.3306690738754696e-16
24 27 6.661338147750939e-16
24 28 0.5054565795337835
24 29 1.010913159067567
24 30 -0.018646041827886206
24 31 -0.03729208365577241
24 32 -1.1345644841226852
24 33 -2.2691289682453704
24 34 0.46389813185424217
24 35 0.9277962637084843
24 36 1.3725597853222005
24 37 2.745119570644401
24 38 -1.6570188687694622
24 39 -3.3140377375389245
25 -30.100277713395446
25 26 6.661338147750939e-16
25 27 1.3322676295501878e-15
25 28 1.010913159067567
25 29 2.021826318135134
25 30 -0.03729208365577241
25 31 -0.07458416731154482
25 32 -2.2691289682453704
25 33 -4.538257936490741
25 34 0.9277962637084843
25 35 1.8555925274169687
25 36 2.745119570644401
25 37 5.490239141288802
25 38 -3.3140377375389245
25 39 -6.628075475077849
26 3.6717590703647147
26 27 14.460100602702813
26 28 0.018646041827886206
26 29 0.03729208365577241
26 30 0.5054565795337835
26 31 1.010913159067567
26 32 -0.46389813185424195
26 33 -0.9277962637084839
26 34 -1.1345644841226856
26 35 -2.2691289682453712
26 36 1.6570188687694625
26 37 3.314037737538925
26 38 1.3725597853222007
26 39 2.7451195706444014
27 14.573568442080838
27 28 0.03729208365577241
27 29 0.07458416731154482
27 30 1.010913159067567
27 31 2.021826318135134
27 32 -0.9277962637084839
27 33 -1.8555925274169678
27 34 -2.2691289682453712
27 35 -4.5382579364907425
27 36 3.314037737538925
27 37 6.62807547507785
27 38 2.7451195706444014
27 39 5.490239141288803
28 -14.77073023121139
28 29 11.909392189748242
28 30 2.220446049250313e-16
28 31 4.440892098500626e-16
28 32 1.7305178688090168
28 33 3.4610357376180336
28 34 2.4756535193904288
28 35 4.9513070387808575
28 36 -2.7660718771469943
28 37 -5.532143754293989
28 38 -1.1744166651776868
28 39 -2.3488333303553737
29 -23.58676436754866
29 30 4.440892098500626e-16
29 31 8.881784197001252e-16
29 32 3.4610357376180336
29 33 6.922071475236067
29 34 4.9513070387808575
29 35 9.902614077561715
29 36 -5.532143754293989
29 37 -11.064287508587977
29 38 -2.3488333303553737
29 39 -4.697666660710747
30 15.131128654731373
30 31 11.909392189748242
30 32 -2.475653519390428
30 33 -4.951307038780856
30 34 1.7305178688090168
30 35 3.4610357376180336
30 36 1.1744166651776866
30 37 2.3488333303553732
30 38 -2.7660718771469943
30 39 -5.532143754293989
31 36.21695340433687
31 32 -4.951307038780856
31 33 -9.902614077561712
31 34 3.4610357376180336
31 35 6.922071475236067
31 36 2.3488333303553732
31 37 4.6976666607107465
31 38 -5.532143754293989
31 39 -11.064287508587977
32 -0.7700665183757129
32 33 20.327986780691347
32 34 4.440892098500626e-16
32 35 8.881784197001252e-16
32 36 0.8441512471588042
32 37 1.6883024943176084
32 38 -0.9862882466757579
32 39 -1.9725764933515157
33 8.62386035359425
33 34 8.881784197001252e-16
33 35 1.7763568394002505e-15
33 36 1.6883024943176084
33 37 3.3766049886352167
33 38 -1.9725764933515157
33 39 -3.9451529867030315
34 -7.908408308940021
34 35 20.327986780691347
34 36 0.9862882466757575
34 37 1.972576493351515
34 38 0.8441512471588042
34 39 1.6883024943176084
35 -5.652823227534366
35 36 1.972576493351515
35 37 3.94515298670303
35 38 1.6883024943176084
35 39 3.3766049886352167
36 11.795140411924383
36 37 12.655582663894645
36 38 3.885780586188048e-16
36 39 7.771561172376096e-16
37 29.91807215579609
37 38 7.771561172376096e-16
37 39 1.5543122344752192e-15
38 3.500238621180707
38 39 12.655582663894643
39 13.328268574308735
