40
1100111011000101001101001111110110110001
0 29.016271855331055
0 1 18.348940753607195
0 2 4.440892098500626e-16
0 3 8.881784197001252e-16
0 4 -0.7912887019585491
0 5 -1.5825774039170981
0 6 0.272231392212576
0 7 0.544462784425152
0 8 0.8538654155915097
0 9 1.7077308311830195
0 10 -3.919823337631188
0 11 -7.839646675262376
0 12 1.8061016106253305
0 13 3.612203221250661
0 14 -2.038620924713795
0 15 -4.07724184942759
0 16 -0.6059804709162093
0 17 -1.2119609418324186
0 18 -2.098027674289023
0 19 -4.196055348578046
0 20 -0.5994563793735903
0 21 -1.1989127587471806
0 22 -0.5316239436457094
0 23 -1.0632478872914188
0 24 -0.1671856283402111
0 25 -0.3343712566804222
0 26 -1.4175864768169042
0 27 -2.8351729536338084
0 28 -1.717168814899499
0 29 -3.434337629798998
0 30 -3.7417194666569062
0 31 -7.4834389333138125
0 32 0.5929827153679407
0 33 1.1859654307358813
0 34 -0.4748230944538092
0 35 -0.9496461889076184
0 36 1.8955807278351406
0 37 3.7911614556702813
0 38 -1.171232292228526
0 39 -2.342464584457052
1 67.20701408746571
1 2 8.881784197001252e-16
1 3 1.7763568394002505e-15
1 4 -1.5825774039170981
1 5 -3.1651548078341962
1 6 0.544462784425152
1 7 1.088925568850304
1 8 1.7077308311830195
1 9 3.415461662366039
1 10 -7.839646675262376
1 11 -15.679293350524752
1 12 3.612203221250661
1 13 7.224406442501322
1 14 -4.07724184942759
1 15 -8.15448369885518
1 16 -1.2119609418324186
1 17 -2.4239218836648373
1 18 -4.196055348578046
1 19 -8.392110697156092
1 20 -1.1989127587471806
1 21 -2.3978255174943612
1 22 -1.0632478872914188
1 23 -2.1264957745828377
1 24 -0.3343712566804222
1 25 -0.6687425133608444
1 26 -2.8351729536338084
1 27 -5.670345907267617
1 28 -3.434337629798998
1 29 -6.868675259597996
1 30 -7.4834389333138125
1 31 -14.966877866627625
1 32 1.1859654307358813
1 33 2.3719308614717627
1 34 -0.9496461889076184
1 35 -1.8992923778152369
1 36 3.7911614556702813
1 37 7.582322911340563
1 38 -2.342464584457052
1 39 -4.684929168914104
2 -23.483385902830257
2 3 18.348940753607195
2 4 -0.27223139221257614
2 5 -0.5444627844251523
2 6 -0.7912887019585492
2 7 -1.5825774039170983
2 8 3.9198233376311884
2 9 7.839646675262377
2 10 0.8538654155915096
2 11 1.7077308311830193
2 12 2.038620924713795
2 13 4.07724184942759
2 14 1.8061016106253307
2 15 3.6122032212506614
2 16 2.0980276742890234
2 17 4.196055348578047
2 18 -0.6059804709162091
2 19 -1.2119609418324182
2 20 0.5316239436457098
2 21 1.0632478872914195
2 22 -0.5994563793735903
2 23 -1.1989127587471806
2 24 1.4175864768169042
2 25 2.8351729536338084
2 26 -0.1671856283402109
2 27 -0.3343712566804218
2 28 3.7417194666569062
2 29 7.4834389333138125
2 30 -1.7171688148994992
2 31 -3.4343376297989985
2 32 0.4748230944538094
2 33 0.9496461889076188
2 34 0.5929827153679409
2 35 1.1859654307358818
2 36 1.1712322922285265
2 37 2.342464584457053
2 38 1.8955807278351413
2 39 3.7911614556702826
3 -37.792301428856916
3 4 -0.5444627844251523
3 5 -1.0889255688503046
3 6 -1.5825774039170983
3 7 -3.1651548078341967
3 8 7.839646675262377
3 9 15.679293350524754
3 10 1.7077308311830193
3 11 3.4154616623660385
3 12 4.07724184942759
3 13 8.15448369885518
3 14 3.6122032212506614
3 15 7.224406442501323
3 16 4.196055348578047
3 17 8.392110697156093
3 18 -1.2119609418324182
3 19 -2.4239218836648364
3 20 1.0632478872914195
3 21 2.126495774582839
3 22 -1.1989127587471806
3 23 -2.3978255174943612
3 24 2.8351729536338084
3 25 5.670345907267617
3 26 -0.3343712566804218
3 27 -0.6687425133608436
3 28 7.4834389333138125
3 29 14.966877866627625
3 30 -3.4343376297989985
3 31 -6.868675259597997
3 32 0.9496461889076188
3 33 1.8992923778152375
3 34 1.1859654307358818
3 35 2.3719308614717636
3 36 2.342464584457053
3 37 4.684929168914106
3 38 3.7911614556702826
3 39 7.582322911340565
4 7.838860858133836
4 5 10.828292851707921
4 6 2.7755575615628914e-16
4 7 5.551115123125783e-16
4 8 0.939187916506216
4 9 1.878375833012432
4 10 0.3859129665490478
4 11 0.7718259330980956
4 12 0.7815508411624308
4 13 1.5631016823248616
4 14 -0.14195672096856327
4 15 -0.28391344193712653
4 16 -2.1554813987660095
4 17 -4.310962797532019
4 18 -3.2886409994299397
4 19 -6.577281998859879
4 20 -2.2521331732092036
4 21 -4.504266346418407
4 22 1.0305143676363944
4 23 2.0610287352727887
4 24 -1.0628669292701378
4 25 -2.1257338585402756
4 26 0.5451178348406854
4 27 1.0902356696813709
4 28 -2.8733107808040668
4 29 -5.7466215616081335
4 30 1.2950086392161153
4 31 2.5900172784322306
4 32 -1.723663683853863
4 33 -3.447327367707726
4 34 0.6388939292052578
4 35 1.2777878584105156
4 36 -1.11553304402094
4 37 -2.23106608804188
4 38 -0.7254562536505087
4 39 -1.4509125073010174
5 21.091868142121633
5 6 5.551115123125783e-16
5 7 1.1102230246251565e-15
5 8 1.878375833012432
5 9 3.756751666024864
5 10 0.7718259330980956
5 11 1.543651866196191
5 12 1.5631016823248616
5 13 3.126203364649723
5 14 -0.28391344193712653
5 15 -0.5678268838742531
5 16 -4.310962797532019
5 17 -8.621925595064038
5 18 -6.577281998859879
5 19 -13.154563997719759
5 20 -4.504266346418407
5 21 -9.008532692836814
5 22 2.0610287352727887
5 23 4.1220574705455775
5 24 -2.1257338585402756
5 25 -4.251467717080551
5 26 1.0902356696813709
5 27 2.1804713393627417
5 28 -5.7466215616081335
5 29 -11.493243123216267
5 30 2.5900172784322306
5 31 5.180034556864461
5 32 -3.447327367707726
5 33 -6.894654735415452
5 34 1.2777878584105156
5 35 2.555575716821031
5 36 -2.23106608804188
5 37 -4.46213217608376
5 38 -1.4509125073010174
5 39 -2.901825014602035
6 10.097873644865917
6 7 10.828292851707921
6 8 -0.3859129665490477
6 9 -0.7718259330980954
6 10 0.9391879165062159
6 11 1.8783758330124318
6 12 0.1419567209685636
6 13 0.2839134419371272
6 14 0.7815508411624307
6 15 1.5631016823248614
6 16 3.2886409994299397
6 17 6.577281998859879
6 18 -2.1554813987660095
6 19 -4.310962797532019
6 20 -1.0305143676363946
6 21 -2.061028735272789
6 22 -2.2521331732092036
6 23 -4.504266346418407
6 24 -0.5451178348406858
6 25 -1.0902356696813715
6 26 -1.062866929270138
6 27 -2.125733858540276
6 28 -1.2950086392161158
6 29 -2.5900172784322315
6 30 -2.8733107808040668
6 31 -5.7466215616081335
6 32 -0.6388939292052578
6 33 -1.2777878584105156
6 34 -1.723663683853863
6 35 -3.447327367707726
6 36 0.7254562536505086
6 37 1.4509125073010172
6 38 -1.1155330440209394
6 39 -2.231066088041879
7 25.609893715585798
7 8 -0.7718259330980954
7 9 -1.5436518661961909
7 10 1.8783758330124318
7 11 3.7567516660248637
7 12 0.2839134419371272
7 13 0.5678268838742544
7 14 1.5631016823248614
7 15 3.1262033646497227
7 16 6.577281998859879
7 17 13.154563997719759
7 18 -4.310962797532019
7 19 -8.621925595064038
7 20 -2.061028735272789
7 21 -4.122057470545578
7 22 -4.504266346418407
7 23 -9.008532692836814
7 24 -1.0902356696813715
7 25 -2.180471339362743
7 26 -2.125733858540276
7 27 -4.251467717080552
7 28 -2.5900172784322315
7 29 -5.180034556864463
7 30 -5.7466215616081335
7 31 -11.493243123216267
7 32 -1.2777878584105156
7 33 -2.555575716821031
7 34 -3.447327367707726
7 35 -6.894654735415452
7 36 1.4509125073010172
7 37 2.9018250146020343
7 38 -2.231066088041879
7 39 -4.462132176083758
8 1.4316885514690423
8 9 15.344216507841798
8 10 2.7755575615628914e-16
8 11 5.551115123125783e-16
8 12 0.9411429727778521
8 13 1.8822859455557042
8 14 4.361907421505608
8 15 8.723814843011215
8 16 -2.4224408899963294
8 17 -4.844881779992659
8 18 -3.4124527205190125
8 19 -6.824905441038025
8 20 -2.092379463125474
8 21 -4.184758926250948
8 22 -2.3361471331656065
8 23 -4.672294266331213
8 24 1.791138713680824
8 25 3.582277427361648
8 26 1.0431391586632184
8 27 2.0862783173264368
8 28 0.7708207750235904
8 29 1.5416415500471807
8 30 1.004421822086372
8 31 2.008843644172744
8 32 -1.6406920919933343
8 33 -3.2813841839866686
8 34 -0.8985566853787882
8 35 -1.7971133707575764
8 36 0.6486298406095128
8 37 1.2972596812190256
8 38 0.7241714635922647
8 39 1.4483429271845294
9 10.535485356858985
9 10 5.551115123125783e-16
9 11 1.1102230246251565e-15
9 12 1.8822859455557042
9 13 3.7645718911114083
9 14 8.723814843011215
9 15 17.44762968602243
9 16 -4.844881779992659
9 17 -9.689763559985318
9 18 -6.824905441038025
9 19 -13.64981088207605
9 20 -4.184758926250948
9 21 -8.369517852501897
9 22 -4.672294266331213
9 23 -9.344588532662426
9 24 3.582277427361648
9 25 7.164554854723296
9 26 2.0862783173264368
9 27 4.1725566346528735
9 28 1.5416415500471807
9 29 3.0832831000943615
9 30 2.008843644172744
9 31 4.017687288345488
9 32 -3.2813841839866686
9 33 -6.562768367973337
9 34 -1.7971133707575764
9 35 -3.5942267415151528
9 36 1.2972596812190256
9 37 2.594519362438051
9 38 1.4483429271845294
9 39 2.896685854369059
10 -2.084344761300226
10 11 15.344216507841798
10 12 -4.361907421505608
10 13 -8.723814843011215
10 14 0.9411429727778521
10 15 1.8822859455557042
10 16 3.412452720519012
10 17 6.824905441038024
10 18 -2.42244088999633
10 19 -4.84488177999266
10 20 2.336147133165606
10 21 4.672294266331212
10 22 -2.092379463125474
10 23 -4.184758926250948
10 24 -1.0431391586632182
10 25 -2.0862783173264363
10 26 1.791138713680824
10 27 3.582277427361648
10 28 -1.0044218220863719
10 29 -2.0088436441727437
10 30 0.77082077502359
10 31 1.54164155004718
10 32 0.8985566853787882
10 33 1.7971133707575764
10 34 -1.6406920919933337
10 35 -3.2813841839866673
10 36 -0.7241714635922647
10 37 -1.4483429271845294
10 38 0.6486298406095128
10 39 1.2972596812190256
11 3.5034187313204477
11 12 -8.723814843011215
11 13 -17.44762968602243
11 14 1.8822859455557042
11 15 3.7645718911114083
11 16 6.824905441038024
11 17 13.649810882076048
11 18 -4.84488177999266
11 19 -9.68976355998532
11 20 4.672294266331212
11 21 9.344588532662424
11 22 -4.184758926250948
11 23 -8.369517852501897
11 24 -2.0862783173264363
11 25 -4.172556634652873
11 26 3.582277427361648
11 27 7.164554854723296
11 28 -2.0088436441727437
11 29 -4.0176872883454875
11 30 1.54164155004718
11 31 3.08328310009436
11 32 1.7971133707575764
11 33 3.5942267415151528
11 34 -3.2813841839866673
11 35 -6.562768367973335
11 36 -1.4483429271845294
11 37 -2.896685854369059
11 38 1.2972596812190256
11 39 2.594519362438051
12 -6.602047114991449
12 13 19.90781782945114
12 14 4.440892098500626e-16
12 15 8.881784197001252e-16
12 16 0.5820012035169786
12 17 1.1640024070339572
12 18 2.6767153539778996
12 19 5.353430707955799
12 20 -2.8269156521260843
12 21 -5.653831304252169
12 22 1.603911134119691
12 23 3.207822268239382
12 24 1.73514051445478
12 25 3.47028102890956
12 26 0.7804164122736996
12 27 1.5608328245473992
12 28 -1.5988075074189252
12 29 -3.1976150148378504
12 30 -2.7854471867065396
12 31 -5.570894373413079
12 32 -0.941321356338113
12 33 -1.882642712676226
12 34 -1.131509186279448
12 35 -2.263018372558896
12 36 1.0400960600497808
12 37 2.0801921200995617
12 38 -3.3891691600356246
12 39 -6.778338320071249
13 -3.2501853152573297
13 14 8.881784197001252e-16
13 15 1.7763568394002505e-15
13 16 1.1640024070339572
13 17 2.3280048140679144
13 18 5.353430707955799
13 19 10.706861415911598
13 20 -5.653831304252169
13 21 -11.307662608504337
13 22 3.207822268239382
13 23 6.415644536478764
13 24 3.47028102890956
13 25 6.94056205781912
13 26 1.5608328245473992
13 27 3.1216656490947985
13 28 -3.1976150148378504
13 29 -6.395230029675701
13 30 -5.570894373413079
13 31 -11.141788746826158
13 32 -1.882642712676226
13 33 -3.765285425352452
13 34 -2.263018372558896
13 35 -4.526036745117792
13 36 2.0801921200995617
13 37 4.160384240199123
13 38 -6.778338320071249
13 39 -13.556676640142499
14 -18.71422967106224
14 15 19.90781782945114
14 16 -2.6767153539779
14 17 -5.3534307079558
14 18 0.5820012035169788
14 19 1.1640024070339576
14 20 -1.6039111341196914
14 21 -3.207822268239383
14 22 -2.826915652126084
14 23 -5.653831304252168
14 24 -0.7804164122736995
14 25 -1.560832824547399
14 26 1.7351405144547798
14 27 3.4702810289095596
14 28 2.785447186706539
14 29 5.570894373413078
14 30 -1.598807507418925
14 31 -3.19761501483785
14 32 1.131509186279448
14 33 2.263018372558896
14 34 -0.9413213563381131
14 35 -1.8826427126762262
14 36 3.3891691600356246
14 37 6.778338320071249
14 38 1.0400960600497808
14 39 2.0801921200995617
15 -27.474550427398906
15 16 -5.3534307079558
15 17 -10.7068614159116
15 18 1.1640024070339576
15 19 2.3280048140679153
15 20 -3.207822268239383
15 21 -6.415644536478766
15 22 -5.653831304252168
15 23 -11.307662608504335
15 24 -1.560832824547399
15 25 -3.121665649094798
15 26 3.4702810289095596
15 27 6.940562057819119
15 28 5.570894373413078
15 29 11.141788746826156
15 30 -3.19761501483785
15 31 -6.3952300296757
15 32 2.263018372558896
15 33 4.526036745117792
15 34 -1.8826427126762262
15 35 -3.7652854253524524
15 36 6.778338320071249
15 37 13.556676640142499
15 38 2.0801921200995617
15 39 4.160384240199123
16 -12.767381409513437
16 17 24.283465906650676
16 18 3.3306690738754696e-16
16 19 6.661338147750939e-16
16 20 -1.0425713090819468
16 21 -2.0851426181638937
16 22 -1.4149278592319758
16 23 -2.8298557184639517
16 24 1.8921193126223104
16 25 3.7842386252446207
16 26 -1.5575931189404373
16 27 -3.1151862378808746
16 28 1.7946088574820538
16 29 3.5892177149641076
16 30 -5.50639997598107
16 31 -11.01279995196214
16 32 0.6098129254455082
16 33 1.2196258508910165
16 34 -4.2923002243680966
16 35 -8.584600448736193
16 36 -1.311076205682619
16 37 -2.622152411365238
16 38 0.4868373726267059
16 39 0.9736747452534118
17 -13.393029865701536
17 18 6.661338147750939e-16
17 19 1.3322676295501878e-15
17 20 -2.0851426181638937
17 21 -4.170285236327787
17 22 -2.8298557184639517
17 23 -5.659711436927903
17 24 3.7842386252446207
17 25 7.5684772504892415
17 26 -3.1151862378808746
17 27 -6.230372475761749
17 28 3.5892177149641076
17 29 7.178435429928215
17 30 -11.01279995196214
17 31 -22.02559990392428
17 32 1.2196258508910165
17 33 2.439251701782033
17 34 -8.584600448736193
17 35 -17.169200897472386
17 36 -2.622152411365238
17 37 -5.244304822730476
17 38 0.9736747452534118
17 39 1.9473494905068236
18 -33.36035805028939
18 19 24.283465906650672
18 20 1.4149278592319758
18 21 2.8298557184639517
18 22 -1.042571309081947
18 23 -2.085142618163894
18 24 1.5575931189404375
18 25 3.115186237880875
18 26 1.8921193126223104
18 27 3.7842386252446207
18 28 5.506399975981069
18 29 11.012799951962139
18 30 1.794608857482054
18 31 3.589217714964108
18 32 4.2923002243680966
18 33 8.584600448736193
18 34 0.6098129254455082
18 35 1.2196258508910165
18 36 -0.4868373726267057
18 37 -0.9736747452534114
18 38 -1.3110762056826195
18 39 -2.622152411365239
19 -54.57898314725345
19 20 2.8298557184639517
19 21 5.659711436927903
19 22 -2.085142618163894
19 23 -4.170285236327788
19 24 3.115186237880875
19 25 6.23037247576175
19 26 3.7842386252446207
19 27 7.5684772504892415
19 28 11.012799951962139
19 29 22.025599903924277
19 30 3.589217714964108
19 31 7.178435429928216
19 32 8.584600448736193
19 33 17.169200897472386
19 34 1.2196258508910165
19 35 2.439251701782033
19 36 -0.9736747452534114
19 37 -1.9473494905068227
19 38 -2.622152411365239
19 39 -5.244304822730478
20 1.8659024823280403
20 21 15.940423426538288
20 22 3.885780586188048e-16
20 23 7.771561172376096e-16
20 24 0.5956468973848621
20 25 1.1912937947697242
20 26 0.4664447911842873
20 27 0.9328895823685746
20 28 -0.211355218083909
20 29 -0.422710436167818
20 30 2.666157351526544
20 31 5.332314703053088
20 32 2.1603476309693432
20 33 4.3206952619386865
20 34 -0.28077773714408316
20 35 -0.5615554742881663
20 36 -0.6537430954410826
20 37 -1.3074861908821651
20 38 1.066826433933357
20 39 2.133652867866714
21 11.702016677925226
21 22 7.771561172376096e-16
21 23 1.5543122344752192e-15
21 24 1.1912937947697242
21 25 2.3825875895394484
21 26 0.9328895823685746
21 27 1.865779164737149
21 28 -0.422710436167818
21 29 -0.845420872335636
21 30 5.332314703053088
21 31 10.664629406106176
21 32 4.3206952619386865
21 33 8.641390523877373
21 34 -0.5615554742881663
21 35 -1.1231109485763326
21 36 -1.3074861908821651
21 37 -2.6149723817643302
21 38 2.133652867866714
21 39 4.267305735733428
22 5.525882345655977
22 23 15.940423426538288
22 24 -0.4664447911842871
22 25 -0.9328895823685742
22 26 0.5956468973848621
22 27 1.1912937947697242
22 28 -2.666157351526544
22 29 -5.332314703053088
22 30 -0.21135521808390906
22 31 -0.4227104361678181
22 32 0.2807777371440834
22 33 0.5615554742881668
22 34 2.160347630969343
22 35 4.320695261938686
22 36 -1.0668264339333573
22 37 -2.1336528678667146
22 38 -0.6537430954410823
22 39 -1.3074861908821647
23 19.0219764045811
23 24 -0.9328895823685742
23 25 -1.8657791647371484
23 26 1.1912937947697242
23 27 2.3825875895394484
23 28 -5.332314703053088
23 29 -10.664629406106176
23 30 -0.4227104361678181
23 31 -0.8454208723356362
23 32 0.5615554742881668
23 33 1.1231109485763335
23 34 4.320695261938686
23 35 8.641390523877371
23 36 -2.1336528678667146
23 37 -4.267305735733429
23 38 -1.3074861908821647
23 39 -2.6149723817643293
24 -17.561464989786298
24 25 11.77467560435782
24 26 4.440892098500626e-16
24 27 8.881784197001252e-16
24 28 2.5086196429724006
24 29 5.017239285944801
24 30 1.3401233177152263
24 31 2.6802466354304526
24 32 0.7701523293054797
24 33 1.5403046586109594
24 34 -2.93923383748123
24 35 -5.87846767496246
24 36 -2.9972916792294946
24 37 -5.994583358458989
24 38 0.6471185357144074
24 39 1.2942370714288147
25 -29.235592177393684
25 26 8.881784197001252e-16
25 27 1.7763568394002505e-15
25 28 5.017239285944801
25 29 10.034478571889602
25 30 2.6802466354304526
25 31 5.360493270860905
25 32 1.5403046586109594
25 33 3.080609317221919
25 34 -5.87846767496246
25 35 -11.75693534992492
25 36 -5.994583358458989
25 37 -11.989166716917978
25 38 1.2942370714288147
25 39 2.5884741428576294
26 -10.642915401974635
26 27 11.77467560435782
26 28 -1.3401233177152256
26 29 -2.6802466354304513
26 30 2.508619642972401
26 31 5.017239285944802
26 32 2.93923383748123
26 33 5.87846767496246
26 34 0.7701523293054797
26 35 1.5403046586109594
26 36 -0.6471185357144076
26 37 -1.2942370714288152
26 38 -2.9972916792294946
26 39 -5.994583358458989
27 -15.39849300177036
27 28 -2.6802466354304513
27 29 -5.3604932708609025
27 30 5.017239285944802
27 31 10.034478571889604
27 32 5.87846767496246
27 33 11.75693534992492
27 34 1.5403046586109594
27 35 3.080609317221919
27 36 -1.2942370714288152
27 37 -2.5884741428576303
27 38 -5.994583358458989
27 39 -11.989166716917978
28 -36.2440412567989
28 29 20.52034128515582
28 30 8.881784197001252e-16
28 31 1.7763568394002505e-15
28 32 1.6471298298346153
28 33 3.2942596596692306
28 34 0.13214952364775678
28 35 0.26429904729551357
28 36 1.8567033925010432
28 37 3.7134067850020864
28 38 3.5740463196952703
28 39 7.148092639390541
29 -62.227911871019884
29 30 1.7763568394002505e-15
29 31 3.552713678800501e-15
29 32 3.2942596596692306
29 33 6.588519319338461
29 34 0.26429904729551357
29 35 0.5285980945910271
29 36 3.7134067850020864
29 37 7.426813570004173
29 38 7.148092639390541
29 39 14.296185278781081
30 -0.2700192732034701
30 31 20.520341285155816
30 32 -0.13214952364775678
30 33 -0.26429904729551357
30 34 1.6471298298346149
30 35 3.2942596596692297
30 36 -3.5740463196952708
30 37 -7.1480926393905415
30 38 1.8567033925010428
30 39 3.7134067850020855
31 9.72013209617097
31 32 -0.26429904729551357
31 33 -0.5285980945910271
31 34 3.2942596596692297
31 35 6.5885193193384595
31 36 -7.1480926393905415
31 37 -14.296185278781083
31 38 3.7134067850020855
31 39 7.426813570004171
32 -22.732140977063274
32 33 15.90121879497069
32 34 4.440892098500626e-16
32 35 8.881784197001252e-16
32 36 -0.9869840663604789
32 37 -1.9739681327209577
32 38 -1.8755524555755847
32 39 -3.7511049111511694
33 -37.513672556641204
33 34 8.881784197001252e-16
33 35 1.7763568394002505e-15
33 36 -1.9739681327209577
33 37 -3.9479362654419154
33 38 -3.7511049111511694
33 39 -7.502209822302339
34 14.530907841083948
34 35 15.90121879497069
34 36 1.8755524555755847
34 37 3.7511049111511694
34 38 -0.9869840663604791
34 39 -1.9739681327209582
35 37.01242507965324
35 36 3.7511049111511694
35 37 7.502209822302339
35 38 -1.9739681327209582
35 39 -3.9479362654419163
36 7.247833751144926
36 37 14.44636454495355
36 38 4.440892098500626e-16
36 39 8.881784197001252e-16
37 21.718849774766625
37 38 8.881784197001252e-16
37 39 1.7763568394002505e-15
38 -11.728567652978029
38 39 14.44636454495355
39 -16.233953033479285
