40
1100111011000101001101001111110110110001
0 25.491164188204756
0 1 12.94685583392732
0 2 1.1102230246251565e-16
0 3 2.220446049250313e-16
0 4 -2.1139497185418112
0 5 -4.2278994370836225
0 6 -0.14555427378516317
0 7 -0.29110854757032634
0 8 0.030983586953148734
0 9 0.06196717390629747
0 10 -0.4391748398125792
0 11 -0.8783496796251584
0 12 -2.3032981705277003
0 13 -4.6065963410554005
0 14 0.16055200993050767
0 15 0.32110401986101533
0 16 1.3858286624970058
0 17 2.7716573249940115
0 18 -0.8705351919403469
0 19 -1.7410703838806938
0 20 -0.5987566578758677
0 21 -1.1975133157517355
0 22 -4.33958952001478
0 23 -8.67917904002956
0 24 -2.4676713308191207
0 25 -4.935342661638241
0 26 -0.4823111115839503
0 27 -0.9646222231679006
0 28 2.5597681356720616
0 29 5.119536271344123
0 30 -0.8206008450215008
0 31 -1.6412016900430015
0 32 -2.4941033534811856
0 33 -4.988206706962371
0 34 -2.7823523841852773
0 35 -5.564704768370555
0 36 1.8080803294931744
0 37 3.616160658986349
0 38 0.6614766226601234
0 39 1.3229532453202468
1 57.45575629337317
1 2 2.220446049250313e-16
1 3 4.440892098500626e-16
1 4 -4.2278994370836225
1 5 -8.455798874167245
1 6 -0.29110854757032634
1 7 -0.5822170951406527
1 8 0.06196717390629747
1 9 0.12393434781259494
1 10 -0.8783496796251584
1 11 -1.7566993592503168
1 12 -4.6065963410554005
1 13 -9.213192682110801
1 14 0.32110401986101533
1 15 0.6422080397220307
1 16 2.7716573249940115
1 17 5.543314649988023
1 18 -1.7410703838806938
1 19 -3.4821407677613876
1 20 -1.1975133157517355
1 21 -2.395026631503471
1 22 -8.67917904002956
1 23 -17.35835808005912
1 24 -4.935342661638241
1 25 -9.870685323276483
1 26 -0.9646222231679006
1 27 -1.9292444463358012
1 28 5.119536271344123
1 29 10.239072542688247
1 30 -1.6412016900430015
1 31 -3.282403380086003
1 32 -4.988206706962371
1 33 -9.976413413924742
1 34 -5.564704768370555
1 35 -11.12940953674111
1 36 3.616160658986349
1 37 7.232321317972698
1 38 1.3229532453202468
1 39 2.6459064906404937
2 -13.909470376101474
2 3 12.94685583392732
2 4 0.14555427378516295
2 5 0.2911085475703259
2 6 -2.1139497185418112
2 7 -4.2278994370836225
2 8 0.4391748398125793
2 9 0.8783496796251586
2 10 0.030983586953148776
2 11 0.06196717390629755
2 12 -0.160552009930508
2 13 -0.321104019861016
2 14 -2.3032981705277003
2 15 -4.6065963410554005
2 16 0.870535191940347
2 17 1.741070383880694
2 18 1.3858286624970055
2 19 2.771657324994011
2 20 4.339589520014779
2 21 8.679179040029558
2 22 -0.5987566578758675
2 23 -1.197513315751735
2 24 0.48231111158394996
2 25 0.9646222231678999
2 26 -2.4676713308191207
2 27 -4.935342661638241
2 28 0.8206008450215009
2 29 1.6412016900430018
2 30 2.559768135672062
2 31 5.119536271344124
2 32 2.782352384185277
2 33 5.564704768370554
2 34 -2.494103353481185
2 35 -4.98820670696237
2 36 -0.6614766226601234
2 37 -1.3229532453202468
2 38 1.808080329493174
2 39 3.616160658986348
3 -21.34551283523929
3 4 0.2911085475703259
3 5 0.5822170951406518
3 6 -4.2278994370836225
3 7 -8.455798874167245
3 8 0.8783496796251586
3 9 1.7566993592503173
3 10 0.06196717390629755
3 11 0.1239343478125951
3 12 -0.321104019861016
3 13 -0.642208039722032
3 14 -4.6065963410554005
3 15 -9.213192682110801
3 16 1.741070383880694
3 17 3.482140767761388
3 18 2.771657324994011
3 19 5.543314649988022
3 20 8.679179040029558
3 21 17.358358080059116
3 22 -1.197513315751735
3 23 -2.39502663150347
3 24 0.9646222231678999
3 25 1.9292444463357998
3 26 -4.935342661638241
3 27 -9.870685323276483
3 28 1.6412016900430018
3 29 3.2824033800860035
3 30 5.119536271344124
3 31 10.239072542688248
3 32 5.564704768370554
3 33 11.129409536741107
3 34 -4.98820670696237
3 35 -9.97641341392474
3 36 -1.3229532453202468
3 37 -2.6459064906404937
3 38 3.616160658986348
3 39 7.232321317972696
4 -29.773935275737568
4 5 25.579712936698638
4 6 6.661338147750939e-16
4 7 1.3322676295501878e-15
4 8 1.0684203186679948
4 9 2.1368406373359896
4 10 0.6403409352245788
4 11 1.2806818704491576
4 12 1.5122254731228868
4 13 3.0244509462457736
4 14 -2.4845357246306854
4 15 -4.969071449261371
4 16 -0.7463561377747292
4 17 -1.4927122755494584
4 18 -2.283691114746772
4 19 -4.567382229493544
4 20 -0.8556282082870847
4 21 -1.7112564165741695
4 22 -0.9572259926096669
4 23 -1.9144519852193338
4 24 2.705379342329528
4 25 5.410758684659056
4 26 1.267721325793058
4 27 2.535442651586116
4 28 -2.2091335345310172
4 29 -4.4182670690620345
4 30 -0.07366632520911898
4 31 -0.14733265041823795
4 32 0.7806691121232174
4 33 1.5613382242464349
4 34 -0.5445401852740259
4 35 -1.0890803705480518
4 36 -1.595427919785565
4 37 -3.19085583957113
4 38 2.0868030439944647
4 39 4.173606087988929
5 -46.758014083125815
5 6 1.3322676295501878e-15
5 7 2.6645352591003757e-15
5 8 2.1368406373359896
5 9 4.273681274671979
5 10 1.2806818704491576
5 11 2.561363740898315
5 12 3.0244509462457736
5 13 6.048901892491547
5 14 -4.969071449261371
5 15 -9.938142898522742
5 16 -1.4927122755494584
5 17 -2.985424551098917
5 18 -4.567382229493544
5 19 -9.134764458987089
5 20 -1.7112564165741695
5 21 -3.422512833148339
5 22 -1.9144519852193338
5 23 -3.8289039704386676
5 24 5.410758684659056
5 25 10.821517369318112
5 26 2.535442651586116
5 27 5.070885303172232
5 28 -4.4182670690620345
5 29 -8.836534138124069
5 30 -0.14733265041823795
5 31 -0.2946653008364759
5 32 1.5613382242464349
5 33 3.1226764484928697
5 34 -1.0890803705480518
5 35 -2.1781607410961037
5 36 -3.19085583957113
5 37 -6.38171167914226
5 38 4.173606087988929
5 39 8.347212175977859
6 -3.4605666878410055
6 7 25.579712936698638
6 8 -0.6403409352245787
6 9 -1.2806818704491574
6 10 1.0684203186679948
6 11 2.1368406373359896
6 12 2.4845357246306863
6 13 4.969071449261373
6 14 1.512225473122887
6 15 3.024450946245774
6 16 2.283691114746772
6 17 4.567382229493544
6 18 -0.746356137774729
6 19 -1.492712275549458
6 20 0.9572259926096671
6 21 1.9144519852193342
6 22 -0.8556282082870845
6 23 -1.711256416574169
6 24 -1.2677213257930577
6 25 -2.5354426515861155
6 26 2.705379342329528
6 27 5.410758684659056
6 28 0.07366632520911887
6 29 0.14733265041823773
6 30 -2.2091335345310172
6 31 -4.4182670690620345
6 32 0.5445401852740259
6 33 1.0890803705480518
6 34 0.7806691121232175
6 35 1.561338224246435
6 36 -2.0868030439944647
6 37 -4.173606087988929
6 38 -1.5954279197855652
6 39 -3.1908558395711304
7 5.8687230926673095
7 8 -1.2806818704491574
7 9 -2.5613637408983148
7 10 2.1368406373359896
7 11 4.273681274671979
7 12 4.969071449261373
7 13 9.938142898522745
7 14 3.024450946245774
7 15 6.048901892491548
7 16 4.567382229493544
7 17 9.134764458987089
7 18 -1.492712275549458
7 19 -2.985424551098916
7 20 1.9144519852193342
7 21 3.8289039704386685
7 22 -1.711256416574169
7 23 -3.422512833148338
7 24 -2.5354426515861155
7 25 -5.070885303172231
7 26 5.410758684659056
7 27 10.821517369318112
7 28 0.14733265041823773
7 29 0.29466530083647546
7 30 -4.4182670690620345
7 31 -8.836534138124069
7 32 1.0890803705480518
7 33 2.1781607410961037
7 34 1.561338224246435
7 35 3.12267644849287
7 36 -4.173606087988929
7 37 -8.347212175977859
7 38 -3.1908558395711304
7 39 -6.381711679142261
8 9.33608492656771
8 9 9.56874843697885
8 10 2.220446049250313e-16
8 11 4.440892098500626e-16
8 12 1.9915715673439833
8 13 3.9831431346879667
8 14 0.12925738811810017
8 15 0.25851477623620034
8 16 -2.4359105001447334
8 17 -4.871821000289467
8 18 -1.6200438965876216
8 19 -3.240087793175243
8 20 -0.5945748694891558
8 21 -1.1891497389783117
8 22 1.1993939512014133
8 23 2.3987879024028267
8 24 -0.2381066470138371
8 25 -0.4762132940276742
8 26 -0.7026604947043373
8 27 -1.4053209894086747
8 28 -0.194337576933921
8 29 -0.388675153867842
8 30 -2.9657721663705305
8 31 -5.931544332741061
8 32 -0.858750875640538
8 33 -1.717501751281076
8 34 0.3909825490072848
8 35 0.7819650980145696
8 36 1.1951334673462035
8 37 2.390266934692407
8 38 -0.03782859559324951
8 39 -0.07565719118649902
9 23.456544071624844
9 10 4.440892098500626e-16
9 11 8.881784197001252e-16
9 12 3.9831431346879667
9 13 7.966286269375933
9 14 0.25851477623620034
9 15 0.5170295524724007
9 16 -4.871821000289467
9 17 -9.743642000578934
9 18 -3.240087793175243
9 19 -6.480175586350486
9 20 -1.1891497389783117
9 21 -2.3782994779566233
9 22 2.3987879024028267
9 23 4.797575804805653
9 24 -0.4762132940276742
9 25 -0.9524265880553484
9 26 -1.4053209894086747
9 27 -2.8106419788173493
9 28 -0.388675153867842
9 29 -0.777350307735684
9 30 -5.931544332741061
9 31 -11.863088665482122
9 32 -1.717501751281076
9 33 -3.435003502562152
9 34 0.7819650980145696
9 35 1.5639301960291392
9 36 2.390266934692407
9 37 4.780533869384814
9 38 -0.07565719118649902
9 39 -0.15131438237299805
10 -10.646551311610425
10 11 9.56874843697885
10 12 -0.12925738811809995
10 13 -0.2585147762361999
10 14 1.991571567343983
10 15 3.983143134687966
10 16 1.6200438965876216
10 17 3.240087793175243
10 18 -2.4359105001447334
10 19 -4.871821000289467
10 20 -1.1993939512014136
10 21 -2.398787902402827
10 22 -0.5945748694891557
10 23 -1.1891497389783114
10 24 0.7026604947043372
10 25 1.4053209894086744
10 26 -0.238106647013837
10 27 -0.476213294027674
10 28 2.9657721663705305
10 29 5.931544332741061
10 30 -0.194337576933921
10 31 -0.388675153867842
10 32 -0.3909825490072849
10 33 -0.7819650980145698
10 34 -0.858750875640538
10 35 -1.717501751281076
10 36 0.0378285955932498
10 37 0.0756571911864996
10 38 1.1951334673462035
10 39 2.390266934692407
11 -16.50872840473143
11 12 -0.2585147762361999
11 13 -0.5170295524723998
11 14 3.983143134687966
11 15 7.966286269375932
11 16 3.240087793175243
11 17 6.480175586350486
11 18 -4.871821000289467
11 19 -9.743642000578934
11 20 -2.398787902402827
11 21 -4.797575804805654
11 22 -1.1891497389783114
11 23 -2.378299477956623
11 24 1.4053209894086744
11 25 2.810641978817349
11 26 -0.476213294027674
11 27 -0.952426588055348
11 28 5.931544332741061
11 29 11.863088665482122
11 30 -0.388675153867842
11 31 -0.777350307735684
11 32 -0.7819650980145698
11 33 -1.5639301960291396
11 34 -1.717501751281076
11 35 -3.435003502562152
11 36 0.0756571911864996
11 37 0.1513143823729992
11 38 2.390266934692407
11 39 4.780533869384814
12 -13.255180211032254
12 13 11.006370917087366
12 14 2.220446049250313e-16
12 15 4.440892098500626e-16
12 16 -0.6133132568659445
12 17 -1.226626513731889
12 18 0.8904324454674217
12 19 1.7808648909348435
12 20 0.8485420509159068
12 21 1.6970841018318137
12 22 3.6308883357252726
12 23 7.261776671450545
12 24 0.01911328428304221
12 25 0.03822656856608442
12 26 1.9447031966962136
12 27 3.889406393392427
12 28 -2.169908371130252
12 29 -4.339816742260504
12 30 -1.9986227843070061
12 31 -3.9972455686140123
12 32 0.565283718172295
12 33 1.13056743634459
12 34 -0.462993473279633
12 35 -0.925986946559266
12 36 -1.9824092372630928
12 37 -3.9648184745261856
12 38 -0.6555515529743792
12 39 -1.3111031059487583
13 -21.007174963520825
13 14 4.440892098500626e-16
13 15 8.881784197001252e-16
13 16 -1.226626513731889
13 17 -2.453253027463778
13 18 1.7808648909348435
13 19 3.561729781869687
13 20 1.6970841018318137
13 21 3.3941682036636274
13 22 7.261776671450545
13 23 14.52355334290109
13 24 0.03822656856608442
13 25 0.07645313713216884
13 26 3.889406393392427
13 27 7.778812786784854
13 28 -4.339816742260504
13 29 -8.679633484521007
13 30 -3.9972455686140123
13 31 -7.9944911372280245
13 32 1.13056743634459
13 33 2.26113487268918
13 34 -0.925986946559266
13 35 -1.851973893118532
13 36 -3.9648184745261856
13 37 -7.929636949052371
13 38 -1.3111031059487583
13 39 -2.6222062118975167
14 8.481891291791184
14 15 11.006370917087366
14 16 -0.8904324454674218
14 17 -1.7808648909348437
14 18 -0.6133132568659443
14 19 -1.2266265137318886
14 20 -3.6308883357252726
14 21 -7.261776671450545
14 22 0.8485420509159075
14 23 1.697084101831815
14 24 -1.9447031966962136
14 25 -3.889406393392427
14 26 0.019113284283042098
14 27 0.038226568566084196
14 28 1.998622784307006
14 29 3.997245568614012
14 30 -2.1699083711302514
14 31 -4.339816742260503
14 32 0.46299347327963314
14 33 0.9259869465592663
14 34 0.565283718172295
14 35 1.13056743634459
14 36 0.6555515529743791
14 37 1.3111031059487581
14 38 -1.9824092372630928
14 39 -3.9648184745261856
15 22.466968042126055
15 16 -1.7808648909348437
15 17 -3.5617297818696874
15 18 -1.2266265137318886
15 19 -2.453253027463777
15 20 -7.261776671450545
15 21 -14.52355334290109
15 22 1.697084101831815
15 23 3.39416820366363
15 24 -3.889406393392427
15 25 -7.778812786784854
15 26 0.038226568566084196
15 27 0.07645313713216839
15 28 3.997245568614012
15 29 7.994491137228024
15 30 -4.339816742260503
15 31 -8.679633484521005
15 32 0.9259869465592663
15 33 1.8519738931185326
15 34 1.13056743634459
15 35 2.26113487268918
15 36 1.3111031059487581
15 37 2.6222062118975162
15 38 -3.9648184745261856
15 39 -7.929636949052371
16 1.8937495915694615
16 17 16.077993690993384
16 18 4.440892098500626e-16
16 19 8.881784197001252e-16
16 20 0.8821626825357328
16 21 1.7643253650714656
16 22 -2.1450220131720954
16 23 -4.290044026344191
16 24 -3.262799988059827
16 25 -6.525599976119654
16 26 -0.786097840256681
16 27 -1.572195680513362
16 28 1.7487174154481617
16 29 3.4974348308963235
16 30 -0.32671092643647714
16 31 -0.6534218528729543
16 32 -1.6751799768701672
16 33 -3.3503599537403344
16 34 -1.258566718568693
16 35 -2.517133437137386
16 36 -2.463050322937375
16 37 -4.92610064587475
16 38 0.6417059145071685
16 39 1.283411829014337
17 11.826496028635615
17 18 8.881784197001252e-16
17 19 1.7763568394002505e-15
17 20 1.7643253650714656
17 21 3.5286507301429313
17 22 -4.290044026344191
17 23 -8.580088052688382
17 24 -6.525599976119654
17 25 -13.051199952239308
17 26 -1.572195680513362
17 27 -3.144391361026724
17 28 3.4974348308963235
17 29 6.994869661792647
17 30 -0.6534218528729543
17 31 -1.3068437057459086
17 32 -3.3503599537403344
17 33 -6.700719907480669
17 34 -2.517133437137386
17 35 -5.034266874274772
17 36 -4.92610064587475
17 37 -9.8522012917495
17 38 1.283411829014337
17 39 2.566823658028674
18 -7.996244968269013
18 19 16.077993690993384
18 20 2.1450220131720954
18 21 4.290044026344191
18 22 0.8821626825357328
18 23 1.7643253650714656
18 24 0.7860978402566803
18 25 1.5721956805133606
18 26 -3.262799988059827
18 27 -6.525599976119654
18 28 0.32671092643647714
18 29 0.6534218528729543
18 30 1.7487174154481613
18 31 3.4974348308963226
18 32 1.258566718568693
18 33 2.517133437137386
18 34 -1.6751799768701672
18 35 -3.3503599537403344
18 36 -0.6417059145071686
18 37 -1.2834118290143373
18 38 -2.463050322937375
18 39 -4.92610064587475
19 -7.953493091041334
19 20 4.290044026344191
19 21 8.580088052688382
19 22 1.7643253650714656
19 23 3.5286507301429313
19 24 1.5721956805133606
19 25 3.144391361026721
19 26 -6.525599976119654
19 27 -13.051199952239308
19 28 0.6534218528729543
19 29 1.3068437057459086
19 30 3.4974348308963226
19 31 6.994869661792645
19 32 2.517133437137386
19 33 5.034266874274772
19 34 -3.3503599537403344
19 35 -6.700719907480669
19 36 -1.2834118290143373
19 37 -2.5668236580286745
19 38 -4.92610064587475
19 39 -9.8522012917495
20 1.8508990249177097
20 21 16.57563615699155
20 22 4.440892098500626e-16
20 23 8.881784197001252e-16
20 24 -1.687491118102147
20 25 -3.374982236204294
20 26 0.7879530284717423
20 27 1.5759060569434846
20 28 0.8783941966670497
20 29 1.7567883933340993
20 30 2.2523656243070835
20 31 4.504731248614167
20 32 0.24630360711228266
20 33 0.4926072142245653
20 34 -1.646033619602202
20 35 -3.292067239204404
20 36 -0.9243442911052369
20 37 -1.8486885822104737
20 38 -0.412146040661025
20 39 -0.82429208132205
21 11.989616128331194
21 22 8.881784197001252e-16
21 23 1.7763568394002505e-15
21 24 -3.374982236204294
21 25 -6.749964472408588
21 26 1.5759060569434846
21 27 3.1518121138869692
21 28 1.7567883933340993
21 29 3.5135767866681986
21 30 4.504731248614167
21 31 9.009462497228334
21 32 0.4926072142245653
21 33 0.9852144284491307
21 34 -3.292067239204404
21 35 -6.584134478408808
21 36 -1.8486885822104737
21 37 -3.6973771644209474
21 38 -0.82429208132205
21 39 -1.6485841626441
22 -7.689066494416922
22 23 16.57563615699155
22 24 -0.7879530284717425
22 25 -1.575906056943485
22 26 -1.687491118102147
22 27 -3.374982236204294
22 28 -2.2523656243070826
22 29 -4.504731248614165
22 30 0.8783941966670497
22 31 1.7567883933340993
22 32 1.6460336196022025
22 33 3.292067239204405
22 34 0.2463036071122826
22 35 0.4926072142245652
22 36 0.41214604066102456
22 37 0.8242920813220491
22 38 -0.9243442911052365
22 39 -1.848688582210473
23 -7.090314910338069
23 24 -1.575906056943485
23 25 -3.15181211388697
23 26 -3.374982236204294
23 27 -6.749964472408588
23 28 -4.504731248614165
23 29 -9.00946249722833
23 30 1.7567883933340993
23 31 3.5135767866681986
23 32 3.292067239204405
23 33 6.58413447840881
23 34 0.4926072142245652
23 35 0.9852144284491304
23 36 0.8242920813220491
23 37 1.6485841626440982
23 38 -1.848688582210473
23 39 -3.697377164420946
24 -36.905306007143494
24 25 25.98132283167746
24 26 6.661338147750939e-16
24 27 1.3322676295501878e-15
24 28 -3.3819548861906115
24 29 -6.763909772381223
24 30 1.4654935719774693
24 31 2.9309871439549386
24 32 4.775339417385991
24 33 9.550678834771983
24 34 0.45659353291953875
24 35 0.9131870658390775
24 36 -0.1441998686003034
24 37 -0.2883997372006068
24 38 3.9101020830432027
24 39 7.8202041660864055
25 -60.81995059844826
25 26 1.3322676295501878e-15
25 27 2.6645352591003757e-15
25 28 -6.763909772381223
25 29 -13.527819544762446
25 30 2.9309871439549386
25 31 5.861974287909877
25 32 9.550678834771983
25 33 19.101357669543965
25 34 0.9131870658390775
25 35 1.826374131678155
25 36 -0.2883997372006068
25 37 -0.5767994744012136
25 38 7.8202041660864055
25 39 15.640408332172811
26 13.080577786159036
26 27 25.98132283167746
26 28 -1.4654935719774695
26 29 -2.930987143954939
26 30 -3.381954886190611
26 31 -6.763909772381222
26 32 -0.45659353291953875
26 33 -0.9131870658390775
26 34 4.775339417385991
26 35 9.550678834771983
26 36 -3.9101020830432027
26 37 -7.8202041660864055
26 38 -0.14419986860030345
26 39 -0.2883997372006069
27 39.1518169881568
27 28 -2.930987143954939
27 29 -5.861974287909878
27 30 -6.763909772381222
27 31 -13.527819544762444
27 32 -0.9131870658390775
27 33 -1.826374131678155
27 34 9.550678834771983
27 35 19.101357669543965
27 36 -7.8202041660864055
27 37 -15.640408332172811
27 38 -0.2883997372006069
27 39 -0.5767994744012138
28 15.259946166664353
28 29 17.761284537550438
28 30 4.440892098500626e-16
28 31 8.881784197001252e-16
28 32 -1.6996080718556716
28 33 -3.3992161437113433
28 34 -1.1598152730918456
28 35 -2.3196305461836912
28 36 1.6276831965115344
28 37 3.2553663930230687
28 38 -2.9141091503333305
28 39 -5.828218300666661
29 39.400534602103924
29 30 8.881784197001252e-16
29 31 1.7763568394002505e-15
29 32 -3.3992161437113433
29 33 -6.798432287422687
29 34 -2.3196305461836912
29 35 -4.6392610923673825
29 36 3.2553663930230687
29 37 6.5107327860461375
29 38 -5.828218300666661
29 39 -11.656436601333322
30 -14.381283959135452
30 31 17.761284537550438
30 32 1.1598152730918456
30 33 2.3196305461836912
30 34 -1.6996080718556716
30 35 -3.3992161437113433
30 36 2.9141091503333305
30 37 5.828218300666661
30 38 1.6276831965115344
30 39 3.2553663930230687
31 -19.881925649495688
31 32 2.3196305461836912
31 33 4.6392610923673825
31 34 -3.3992161437113433
31 35 -6.798432287422687
31 36 5.828218300666661
31 37 11.656436601333322
31 38 3.2553663930230687
31 39 6.5107327860461375
32 -29.440872232659284
32 33 14.730136519418423
32 34 0.0
32 35 0.0
32 36 -1.8212801102994167
32 37 -3.6425602205988334
32 38 0.4234835912918491
32 39 0.8469671825836982
33 -51.51667620560936
33 34 0.0
33 35 0.0
33 36 -3.6425602205988334
33 37 -7.285120441197667
33 38 0.8469671825836982
33 39 1.6939343651673964
34 17.625334103433737
34 35 14.730136519418423
34 36 -0.42348359129184915
34 37 -0.8469671825836983
34 38 -1.8212801102994167
34 39 -3.6425602205988334
35 42.61573646657668
35 36 -0.8469671825836983
35 37 -1.6939343651673966
35 38 -3.6425602205988334
35 39 -7.285120441197667
36 14.39256296781944
36 37 11.489469785008374
36 38 4.440892098500626e-16
36 39 8.881784197001252e-16
37 34.52986082814307
37 38 8.881784197001252e-16
37 39 1.7763568394002505e-15
38 -16.67068692237859
38 39 11.489469785008374
39 -27.59663895225299
