40
1100111011000101001101001111110110110001
0 2.4425784631075333
0 1 15.81240890369413
0 2 4.440892098500626e-16
0 3 8.881784197001252e-16
0 4 -1.8585978668726229
0 5 -3.7171957337452457
0 6 2.80988360532637
0 7 5.61976721065274
0 8 2.018334186002848
0 9 4.036668372005696
0 10 3.2165757666434134
0 11 6.433151533286827
0 12 0.04664517655838768
0 13 0.09329035311677536
0 14 0.6421624477158384
0 15 1.2843248954316768
0 16 -2.756083957881343
0 17 -5.512167915762686
0 18 1.313091599434048
0 19 2.626183198868096
0 20 -0.4976025313016781
0 21 -0.9952050626033562
0 22 -3.954793524496174
0 23 -7.909587048992348
0 24 -0.24614735430968887
0 25 -0.49229470861937774
0 26 1.9057704677410086
0 27 3.811540935482017
0 28 1.011730115468594
0 29 2.023460230937188
0 30 3.853518588346708
0 31 7.707037176693416
0 32 3.301193338242294
0 33 6.602386676484588
0 34 -1.9559469020729194
0 35 -3.911893804145839
0 36 0.28417127389551755
0 37 0.5683425477910351
0 38 -1.361506109980525
0 39 -2.72301221996105
1 12.791361378062131
1 2 8.881784197001252e-16
1 3 1.7763568394002505e-15
1 4 -3.7171957337452457
1 5 -7.434391467490491
1 6 5.61976721065274
1 7 11.23953442130548
1 8 4.036668372005696
1 9 8.073336744011392
1 10 6.433151533286827
1 11 12.866303066573654
1 12 0.09329035311677536
1 13 0.18658070623355072
1 14 1.2843248954316768
1 15 2.5686497908633537
1 16 -5.512167915762686
1 17 -11.024335831525372
1 18 2.626183198868096
1 19 5.252366397736192
1 20 -0.9952050626033562
1 21 -1.9904101252067123
1 22 -7.909587048992348
1 23 -15.819174097984696
1 24 -0.49229470861937774
1 25 -0.9845894172387555
1 26 3.811540935482017
1 27 7.623081870964034
1 28 2.023460230937188
1 29 4.046920461874376
1 30 7.707037176693416
1 31 15.414074353386832
1 32 6.602386676484588
1 33 13.204773352969177
1 34 -3.911893804145839
1 35 -7.823787608291678
1 36 0.5683425477910351
1 37 1.1366850955820702
1 38 -2.72301221996105
1 39 -5.4460244399221
2 17.416362306783217
2 3 15.81240890369413
2 4 -2.8098836053263705
2 5 -5.619767210652741
2 6 -1.8585978668726226
2 7 -3.7171957337452453
2 8 -3.2165757666434134
2 9 -6.433151533286827
2 10 2.018334186002848
2 11 4.036668372005696
2 12 -0.6421624477158383
2 13 -1.2843248954316766
2 14 0.04664517655838757
2 15 0.09329035311677514
2 16 -1.3130915994340484
2 17 -2.626183198868097
2 18 -2.7560839578813425
2 19 -5.512167915762685
2 20 3.954793524496174
2 21 7.909587048992348
2 22 -0.4976025313016781
2 23 -0.9952050626033562
2 24 -1.9057704677410086
2 25 -3.811540935482017
2 26 -0.24614735430968893
2 27 -0.49229470861937785
2 28 -3.853518588346708
2 29 -7.707037176693416
2 30 1.0117301154685938
2 31 2.0234602309371876
2 32 1.9559469020729194
2 33 3.911893804145839
2 34 3.301193338242294
2 35 6.602386676484588
2 36 1.3615061099805246
2 37 2.723012219961049
2 38 0.28417127389551755
2 39 0.5683425477910351
3 42.738929065413494
3 4 -5.619767210652741
3 5 -11.239534421305482
3 6 -3.7171957337452453
3 7 -7.4343914674904905
3 8 -6.433151533286827
3 9 -12.866303066573654
3 10 4.036668372005696
3 11 8.073336744011392
3 12 -1.2843248954316766
3 13 -2.568649790863353
3 14 0.09329035311677514
3 15 0.18658070623355028
3 16 -2.626183198868097
3 17 -5.252366397736194
3 18 -5.512167915762685
3 19 -11.02433583152537
3 20 7.909587048992348
3 21 15.819174097984696
3 22 -0.9952050626033562
3 23 -1.9904101252067123
3 24 -3.811540935482017
3 25 -7.623081870964034
3 26 -0.49229470861937785
3 27 -0.9845894172387557
3 28 -7.707037176693416
3 29 -15.414074353386832
3 30 2.0234602309371876
3 31 4.046920461874375
3 32 3.911893804145839
3 33 7.823787608291678
3 34 6.602386676484588
3 35 13.204773352969177
3 36 2.723012219961049
3 37 5.446024439922098
3 38 0.5683425477910351
3 39 1.1366850955820702
4 -17.770084303149783
4 5 21.46087812330622
4 6 8.881784197001252e-16
4 7 1.7763568394002505e-15
4 8 -0.6008635156147432
4 9 -1.2017270312294863
4 10 0.3507672256054249
4 11 0.7015344512108498
4 12 -1.1407132847352908
4 13 -2.2814265694705815
4 14 -0.24998963175588162
4 15 -0.49997926351176325
4 16 0.1629691830100638
4 17 0.3259383660201276
4 18 -0.27895313651843234
4 19 -0.5579062730368647
4 20 -0.263937808893006
4 21 -0.527875617786012
4 22 1.6550643334040709
4 23 3.3101286668081418
4 24 0.7403487215499194
4 25 1.4806974430998388
4 26 -1.9139367933197828
4 27 -3.8278735866395657
4 28 -0.8598448184219171
4 29 -1.7196896368438341
4 30 -1.4502699943438744
4 31 -2.9005399886877488
4 32 -3.7514856461347468
4 33 -7.5029712922694936
4 34 -2.019805997331204
4 35 -4.039611994662408
4 36 -0.5052695421669835
4 37 -1.010539084333967
4 38 0.9740518354175991
4 39 1.9481036708351982
5 -24.809729544646455
5 6 1.7763568394002505e-15
5 7 3.552713678800501e-15
5 8 -1.2017270312294863
5 9 -2.4034540624589726
5 10 0.7015344512108498
5 11 1.4030689024216996
5 12 -2.2814265694705815
5 13 -4.562853138941163
5 14 -0.49997926351176325
5 15 -0.9999585270235265
5 16 0.3259383660201276
5 17 0.6518767320402552
5 18 -0.5579062730368647
5 19 -1.1158125460737294
5 20 -0.527875617786012
5 21 -1.055751235572024
5 22 3.3101286668081418
5 23 6.6202573336162835
5 24 1.4806974430998388
5 25 2.9613948861996775
5 26 -3.8278735866395657
5 27 -7.655747173279131
5 28 -1.7196896368438341
5 29 -3.4393792736876683
5 30 -2.9005399886877488
5 31 -5.8010799773754975
5 32 -7.5029712922694936
5 33 -15.005942584538987
5 34 -4.039611994662408
5 35 -8.079223989324817
5 36 -1.010539084333967
5 37 -2.021078168667934
5 38 1.9481036708351982
5 39 3.8962073416703964
6 -7.916118929905196
6 7 21.460878123306216
6 8 -0.35076722560542484
6 9 -0.7015344512108497
6 10 -0.6008635156147429
6 11 -1.2017270312294859
6 12 0.24998963175588185
6 13 0.4999792635117637
6 14 -1.140713284735291
6 15 -2.281426569470582
6 16 0.2789531365184321
6 17 0.5579062730368642
6 18 0.16296918301006347
6 19 0.32593836602012694
6 20 -1.6550643334040716
6 21 -3.310128666808143
6 22 -0.263937808893006
6 23 -0.527875617786012
6 24 1.9139367933197833
6 25 3.8278735866395666
6 26 0.7403487215499194
6 27 1.4806974430998388
6 28 1.4502699943438742
6 29 2.9005399886877483
6 30 -0.8598448184219172
6 31 -1.7196896368438344
6 32 2.0198059973312037
6 33 4.039611994662407
6 34 -3.7514856461347468
6 35 -7.5029712922694936
6 36 -0.9740518354175991
6 37 -1.9481036708351982
6 38 -0.505269542166983
6 39 -1.010539084333966
7 -5.101798798157283
7 8 -0.7015344512108497
7 9 -1.4030689024216993
7 10 -1.2017270312294859
7 11 -2.4034540624589718
7 12 0.4999792635117637
7 13 0.9999585270235274
7 14 -2.281426569470582
7 15 -4.562853138941164
7 16 0.5579062730368642
7 17 1.1158125460737285
7 18 0.32593836602012694
7 19 0.6518767320402539
7 20 -3.310128666808143
7 21 -6.620257333616286
7 22 -0.527875617786012
7 23 -1.055751235572024
7 24 3.8278735866395666
7 25 7.655747173279133
7 26 1.4806974430998388
7 27 2.9613948861996775
7 28 2.9005399886877483
7 29 5.801079977375497
7 30 -1.7196896368438344
7 31 -3.4393792736876687
7 32 4.039611994662407
7 33 8.079223989324815
7 34 -7.5029712922694936
7 35 -15.005942584538987
7 36 -1.9481036708351982
7 37 -3.8962073416703964
7 38 -1.010539084333966
7 39 -2.021078168667932
8 5.804956347470969
8 9 17.75466356537448
8 10 5.551115123125783e-16
8 11 1.1102230246251565e-15
8 12 -1.9520549807030882
8 13 -3.9041099614061765
8 14 -0.3558330691733055
8 15 -0.711666138346611
8 16 0.9833931426637398
8 17 1.9667862853274796
8 18 -0.39486590261879895
8 19 -0.7897318052375979
8 20 -1.9516209781123102
8 21 -3.9032419562246203
8 22 1.9889300368843492
8 23 3.9778600737686984
8 24 -0.14090278185731608
8 25 -0.28180556371463217
8 26 -0.8426468748609931
8 27 -1.6852937497219862
8 28 0.8073115996757061
8 29 1.6146231993514122
8 30 -0.2558245041773364
8 31 -0.5116490083546728
8 32 -3.9620256962327103
8 33 -7.924051392465421
8 34 1.2182689621015161
8 35 2.4365379242030323
8 36 3.466179637413805
8 37 6.93235927482761
8 38 2.281181125877033
8 39 4.562362251754066
9 20.487244477629176
9 10 1.1102230246251565e-15
9 11 2.220446049250313e-15
9 12 -3.9041099614061765
9 13 -7.808219922812353
9 14 -0.711666138346611
9 15 -1.423332276693222
9 16 1.9667862853274796
9 17 3.933572570654959
9 18 -0.7897318052375979
9 19 -1.5794636104751958
9 20 -3.9032419562246203
9 21 -7.806483912449241
9 22 3.9778600737686984
9 23 7.955720147537397
9 24 -0.28180556371463217
9 25 -0.5636111274292643
9 26 -1.6852937497219862
9 27 -3.3705874994439724
9 28 1.6146231993514122
9 29 3.2292463987028244
9 30 -0.5116490083546728
9 31 -1.0232980167093455
9 32 -7.924051392465421
9 33 -15.848102784930841
9 34 2.4365379242030323
9 35 4.873075848406065
9 36 6.93235927482761
9 37 13.86471854965522
9 38 4.562362251754066
9 39 9.124724503508132
10 -11.565775502699523
10 11 17.75466356537448
10 12 0.35583306917330526
10 13 0.7116661383466105
10 14 -1.9520549807030885
10 15 -3.904109961406177
10 16 0.39486590261879895
10 17 0.7897318052375979
10 18 0.9833931426637401
10 19 1.9667862853274802
10 20 -1.9889300368843497
10 21 -3.9778600737686993
10 22 -1.95162097811231
10 23 -3.90324195622462
10 24 0.8426468748609933
10 25 1.6852937497219866
10 26 -0.1409027818573162
10 27 -0.2818055637146324
10 28 0.25582450417733665
10 29 0.5116490083546733
10 30 0.8073115996757061
10 31 1.6146231993514122
10 32 -1.218268962101516
10 33 -2.436537924203032
10 34 -3.96202569623271
10 35 -7.92405139246542
10 36 -2.281181125877032
10 37 -4.562362251754064
10 38 3.466179637413805
10 39 6.93235927482761
11 -14.254219222711807
11 12 0.7116661383466105
11 13 1.423332276693221
11 14 -3.904109961406177
11 15 -7.808219922812354
11 16 0.7897318052375979
11 17 1.5794636104751958
11 18 1.9667862853274802
11 19 3.9335725706549605
11 20 -3.9778600737686993
11 21 -7.955720147537399
11 22 -3.90324195622462
11 23 -7.80648391244924
11 24 1.6852937497219866
11 25 3.3705874994439733
11 26 -0.2818055637146324
11 27 -0.5636111274292648
11 28 0.5116490083546733
11 29 1.0232980167093466
11 30 1.6146231993514122
11 31 3.2292463987028244
11 32 -2.436537924203032
11 33 -4.873075848406064
11 34 -7.92405139246542
11 35 -15.84810278493084
11 36 -4.562362251754064
11 37 -9.124724503508128
11 38 6.93235927482761
11 39 13.86471854965522
12 1.039886735396781
12 13 13.366364413071544
12 14 6.661338147750939e-16
12 15 1.3322676295501878e-15
12 16 0.9883054640986988
12 17 1.9766109281973976
12 18 -0.10204714537209147
12 19 -0.20409429074418295
12 20 0.8777392336927645
12 21 1.755478467385529
12 22 -0.9563369296609778
12 23 -1.9126738593219557
12 24 0.2695269990635666
12 25 0.5390539981271332
12 26 2.7165602425749986
12 27 5.433120485149997
12 28 2.3735987600672646
12 29 4.747197520134529
12 30 -1.693079269752707
12 31 -3.386158539505414
12 32 -1.017828452967747
12 33 -2.035656905935494
12 34 -2.4963777919233388
12 35 -4.9927555838466775
12 36 -2.4529200219364076
12 37 -4.905840043872815
12 38 -0.00041514528963065844
12 39 -0.0008302905792613169
13 8.762955677329334
13 14 1.3322676295501878e-15
13 15 2.6645352591003757e-15
13 16 1.9766109281973976
13 17 3.953221856394795
13 18 -0.20409429074418295
13 19 -0.4081885814883659
13 20 1.755478467385529
13 21 3.510956934771058
13 22 -1.9126738593219557
13 23 -3.8253477186439113
13 24 0.5390539981271332
13 25 1.0781079962542663
13 26 5.433120485149997
13 27 10.866240970299994
13 28 4.747197520134529
13 29 9.494395040269058
13 30 -3.386158539505414
13 31 -6.772317079010828
13 32 -2.035656905935494
13 33 -4.071313811870988
13 34 -4.9927555838466775
13 35 -9.985511167693355
13 36 -4.905840043872815
13 37 -9.81168008774563
13 38 -0.0008302905792613169
13 39 -0.0016605811585226338
14 -7.8208504215460035
14 15 13.366364413071544
14 16 0.10204714537209147
14 17 0.20409429074418295
14 18 0.9883054640986992
14 19 1.9766109281973985
14 20 0.9563369296609778
14 21 1.9126738593219557
14 22 0.8777392336927645
14 23 1.755478467385529
14 24 -2.7165602425749986
14 25 -5.433120485149997
14 26 0.26952699906356625
14 27 0.5390539981271325
14 28 1.6930792697527073
14 29 3.3861585395054146
14 30 2.3735987600672646
14 31 4.747197520134529
14 32 2.496377791923338
14 33 4.992755583846676
14 34 -1.0178284529677468
14 35 -2.0356569059354936
14 36 0.0004151452896304364
14 37 0.0008302905792608728
14 38 -2.452920021936408
14 39 -4.905840043872816
15 -8.958518636556233
15 16 0.20409429074418295
15 17 0.4081885814883659
15 18 1.9766109281973985
15 19 3.953221856394797
15 20 1.9126738593219557
15 21 3.8253477186439113
15 22 1.755478467385529
15 23 3.510956934771058
15 24 -5.433120485149997
15 25 -10.866240970299994
15 26 0.5390539981271325
15 27 1.078107996254265
15 28 3.3861585395054146
15 29 6.772317079010829
15 30 4.747197520134529
15 31 9.494395040269058
15 32 4.992755583846676
15 33 9.985511167693351
15 34 -2.0356569059354936
15 35 -4.071313811870987
15 36 0.0008302905792608728
15 37 0.0016605811585217456
15 38 -4.905840043872816
15 39 -9.811680087745632
16 -22.02521960046575
16 17 13.754059452580762
16 18 2.220446049250313e-16
16 19 4.440892098500626e-16
16 20 -2.3800005152254626
16 21 -4.760001030450925
16 22 3.707331020666811
16 23 7.414662041333622
16 24 -0.5334641386646796
16 25 -1.0669282773293591
16 26 -0.7579935601473238
16 27 -1.5159871202946475
16 28 2.299272679272949
16 29 4.598545358545898
16 30 -2.5171159610867906
16 31 -5.034231922173581
16 32 -1.2848029130980683
16 33 -2.5696058261961365
16 34 -0.9644442434321794
16 35 -1.9288884868643588
16 36 -2.19221291634776
16 37 -4.38442583269552
16 38 3.412529733549407
16 39 6.825059467098814
17 -37.17340947464112
17 18 4.440892098500626e-16
17 19 8.881784197001252e-16
17 20 -4.760001030450925
17 21 -9.52000206090185
17 22 7.414662041333622
17 23 14.829324082667243
17 24 -1.0669282773293591
17 25 -2.1338565546587183
17 26 -1.5159871202946475
17 27 -3.031974240589295
17 28 4.598545358545898
17 29 9.197090717091797
17 30 -5.034231922173581
17 31 -10.068463844347162
17 32 -2.5696058261961365
17 33 -5.139211652392273
17 34 -1.9288884868643588
17 35 -3.8577769737287175
17 36 -4.38442583269552
17 37 -8.76885166539104
17 38 6.825059467098814
17 39 13.650118934197629
18 -9.65124170585714
18 19 13.754059452580766
18 20 -3.7073310206668113
18 21 -7.414662041333623
18 22 -2.3800005152254626
18 23 -4.760001030450925
18 24 0.7579935601473237
18 25 1.5159871202946473
18 26 -0.5334641386646797
18 27 -1.0669282773293594
18 28 2.517115961086791
18 29 5.034231922173582
18 30 2.299272679272949
18 31 4.598545358545898
18 32 0.9644442434321793
18 33 1.9288884868643585
18 34 -1.2848029130980683
18 35 -2.5696058261961365
18 36 -3.4125297335494076
18 37 -6.825059467098815
18 38 -2.1922129163477604
18 39 -4.384425832695521
19 -12.4254536854239
19 20 -7.414662041333623
19 21 -14.829324082667245
19 22 -4.760001030450925
19 23 -9.52000206090185
19 24 1.5159871202946473
19 25 3.0319742405892947
19 26 -1.0669282773293594
19 27 -2.1338565546587187
19 28 5.034231922173582
19 29 10.068463844347164
19 30 4.598545358545898
19 31 9.197090717091797
19 32 1.9288884868643585
19 33 3.857776973728717
19 34 -2.5696058261961365
19 35 -5.139211652392273
19 36 -6.825059467098815
19 37 -13.65011893419763
19 38 -4.384425832695521
19 39 -8.768851665391042
20 19.469634780690267
20 21 16.76544560804522
20 22 4.718447854656915e-16
20 23 9.43689570931383e-16
20 24 -1.5589549970480796
20 25 -3.117909994096159
20 26 -0.7589763654558537
20 27 -1.5179527309117073
20 28 -1.78192990623929
20 29 -3.56385981247858
20 30 -0.5927766500615008
20 31 -1.1855533001230016
20 32 2.1705379528229574
20 33 4.341075905645915
20 34 3.610209711916343
20 35 7.220419423832686
20 36 3.1252666019849005
20 37 6.250533203969801
20 38 -0.9900686698036751
20 39 -1.9801373396073503
21 47.32199236540315
21 22 9.43689570931383e-16
21 23 1.887379141862766e-15
21 24 -3.117909994096159
21 25 -6.235819988192318
21 26 -1.5179527309117073
21 27 -3.0359054618234147
21 28 -3.56385981247858
21 29 -7.12771962495716
21 30 -1.1855533001230016
21 31 -2.3711066002460033
21 32 4.341075905645915
21 33 8.68215181129183
21 34 7.220419423832686
21 35 14.440838847665372
21 36 6.250533203969801
21 37 12.501066407939602
21 38 -1.9801373396073503
21 39 -3.9602746792147006
22 -17.80467001702483
22 23 16.76544560804522
22 24 0.7589763654558535
22 25 1.517952730911707
22 26 -1.5589549970480796
22 27 -3.117909994096159
22 28 0.5927766500615005
22 29 1.185553300123001
22 30 -1.78192990623929
22 31 -3.56385981247858
22 32 -3.6102097119163425
22 33 -7.220419423832685
22 34 2.170537952822958
22 35 4.341075905645916
22 36 0.9900686698036754
22 37 1.9801373396073507
22 38 3.125266601984901
22 39 6.250533203969802
23 -27.22661723002705
23 24 1.517952730911707
23 25 3.035905461823414
23 26 -3.117909994096159
23 27 -6.235819988192318
23 28 1.185553300123001
23 29 2.371106600246002
23 30 -3.56385981247858
23 31 -7.12771962495716
23 32 -7.220419423832685
23 33 -14.44083884766537
23 34 4.341075905645916
23 35 8.682151811291831
23 36 1.9801373396073507
23 37 3.9602746792147014
23 38 6.250533203969802
23 39 12.501066407939604
24 -3.16606400091381
24 25 10.73570376225334
24 26 4.440892098500626e-16
24 27 8.881784197001252e-16
24 28 0.707153047999132
24 29 1.414306095998264
24 30 0.21156144073177843
24 31 0.42312288146355687
24 32 -2.3380522620073974
24 33 -4.676104524014795
24 34 -0.07140501331944482
24 35 -0.14281002663888964
24 36 -1.33801372383421
24 37 -2.67602744766842
24 38 -0.10024673913253825
24 39 -0.2004934782650765
25 -0.9642761207009496
25 26 8.881784197001252e-16
25 27 1.7763568394002505e-15
25 28 1.414306095998264
25 29 2.828612191996528
25 30 0.42312288146355687
25 31 0.8462457629271137
25 32 -4.676104524014795
25 33 -9.35220904802959
25 34 -0.14281002663888964
25 35 -0.2856200532777793
25 36 -2.67602744766842
25 37 -5.35205489533684
25 38 -0.2004934782650765
25 39 -0.400986956530153
26 8.886764789135924
26 27 10.73570376225334
26 28 -0.21156144073177835
26 29 -0.4231228814635567
26 30 0.7071530479991323
26 31 1.4143060959982645
26 32 0.07140501331944449
26 33 0.14281002663888898
26 34 -2.3380522620073974
26 35 -4.676104524014795
26 36 0.10024673913253795
26 37 0.2004934782650759
26 38 -1.33801372383421
26 39 -2.67602744766842
27 23.14138145939852
27 28 -0.4231228814635567
27 29 -0.8462457629271134
27 30 1.4143060959982645
27 31 2.828612191996529
27 32 0.14281002663888898
27 33 0.28562005327777795
27 34 -4.676104524014795
27 35 -9.35220904802959
27 36 0.2004934782650759
27 37 0.4009869565301518
27 38 -2.67602744766842
27 39 -5.35205489533684
28 -21.13105879450851
28 29 14.685259802387378
28 30 2.220446049250313e-16
28 31 4.440892098500626e-16
28 32 1.3493084096077872
28 33 2.6986168192155744
28 34 -2.2806534554505085
28 35 -4.561306910901017
28 36 -3.1631890511439895
28 37 -6.326378102287979
28 38 0.8626173351148874
28 39 1.7252346702297747
29 -34.919487687823334
29 30 4.440892098500626e-16
29 31 8.881784197001252e-16
29 32 2.6986168192155744
29 33 5.397233638431149
29 34 -4.561306910901017
29 35 -9.122613821802034
29 36 -6.326378102287979
29 37 -12.652756204575958
29 38 1.7252346702297747
29 39 3.4504693404595494
30 2.7089868617837687
30 31 14.685259802387378
30 32 2.2806534554505076
30 33 4.561306910901015
30 34 1.3493084096077872
30 35 2.6986168192155744
30 36 -0.8626173351148878
30 37 -1.7252346702297756
30 38 -3.1631890511439895
30 39 -6.326378102287979
31 12.760603624761227
31 32 4.561306910901015
31 33 9.12261382180203
31 34 2.6986168192155744
31 35 5.397233638431149
31 36 -1.7252346702297756
31 37 -3.4504693404595512
31 38 -6.326378102287979
31 39 -12.652756204575958
32 10.441275250801688
32 33 22.162842945819353
32 34 4.440892098500626e-16
32 35 8.881784197001252e-16
32 36 -0.6429972488248379
32 37 -1.2859944976496758
32 38 -4.633755260302964
32 39 -9.267510520605928
33 31.963971974513054
33 34 8.881784197001252e-16
33 35 1.7763568394002505e-15
33 36 -1.2859944976496758
33 37 -2.5719889952993515
33 38 -9.267510520605928
33 39 -18.535021041211856
34 22.673803133380552
34 35 22.162842945819357
34 36 4.633755260302964
34 37 9.267510520605928
34 38 -0.6429972488248376
34 39 -1.285994497649675
35 56.42902773967078
35 36 9.267510520605928
35 37 18.535021041211856
35 38 -1.285994497649675
35 39 -2.57198899529935
36 21.890922302805276
36 37 17.56010799194064
36 38 4.440892098500626e-16
36 39 8.881784197001252e-16
37 52.56189860158087
37 38 8.881784197001252e-16
37 39 1.7763568394002505e-15
38 -16.42003068298263
38 39 17.560107991940644
39 -24.060007369994942
