40
1100111011000101001101001111110110110001
0 10.770769542807596
0 1 8.766978582541764
0 2 2.220446049250313e-16
0 3 4.440892098500626e-16
0 4 1.9357733293366606
0 5 3.871546658673321
0 6 -1.4179011960285222
0 7 -2.8358023920570443
0 8 -0.600290910277267
0 9 -1.200581820554534
0 10 -1.7418941429499495
0 11 -3.483788285899899
0 12 -0.12843821846139952
0 13 -0.25687643692279905
0 14 -0.048584617303963906
0 15 -0.09716923460792781
0 16 1.2833015776453394
0 17 2.5666031552906787
0 18 -0.7219698925555043
0 19 -1.4439397851110085
0 20 -1.2191757367206448
0 21 -2.4383514734412897
0 22 0.35497924800233094
0 23 0.7099584960046619
0 24 -2.2719105519630993
0 25 -4.543821103926199
0 26 -1.0252332318175337
0 27 -2.0504664636350673
0 28 1.9777092438203905
0 29 3.955418487640781
0 30 0.1088010141481377
0 31 0.2176020282962754
0 32 0.33053783780945695
0 33 0.6610756756189139
0 34 0.03595721756052794
0 35 0.07191443512105589
0 36 -2.574028097601367
0 37 -5.148056195202734
0 38 -2.2415859155311826
0 39 -4.483171831062365
1 25.925028376886072
1 2 4.440892098500626e-16
1 3 8.881784197001252e-16
1 4 3.871546658673321
1 5 7.743093317346642
1 6 -2.8358023920570443
1 7 -5.671604784114089
1 8 -1.200581820554534
1 9 -2.401163641109068
1 10 -3.483788285899899
1 11 -6.967576571799798
1 12 -0.25687643692279905
1 13 -0.5137528738455981
1 14 -0.09716923460792781
1 15 -0.19433846921585562
1 16 2.5666031552906787
1 17 5.1332063105813575
1 18 -1.4439397851110085
1 19 -2.887879570222017
1 20 -2.4383514734412897
1 21 -4.876702946882579
1 22 0.7099584960046619
1 23 1.4199169920093238
1 24 -4.543821103926199
1 25 -9.087642207852397
1 26 -2.0504664636350673
1 27 -4.100932927270135
1 28 3.955418487640781
1 29 7.910836975281562
1 30 0.2176020282962754
1 31 0.4352040565925508
1 32 0.6610756756189139
1 33 1.3221513512378278
1 34 0.07191443512105589
1 35 0.14382887024211177
1 36 -5.148056195202734
1 37 -10.296112390405469
1 38 -4.483171831062365
1 39 -8.96634366212473
2 -6.4562731573030385
2 3 8.766978582541764
2 4 1.4179011960285224
2 5 2.8358023920570448
2 6 1.9357733293366606
2 7 3.871546658673321
2 8 1.7418941429499493
2 9 3.4837882858998985
2 10 -0.600290910277267
2 11 -1.200581820554534
2 12 0.048584617303963906
2 13 0.09716923460792781
2 14 -0.12843821846139952
2 15 -0.25687643692279905
2 16 0.7219698925555047
2 17 1.4439397851110094
2 18 1.2833015776453396
2 19 2.566603155290679
2 20 -0.35497924800233094
2 21 -0.7099584960046619
2 22 -1.219175736720645
2 23 -2.43835147344129
2 24 1.0252332318175332
2 25 2.0504664636350665
2 26 -2.2719105519630998
2 27 -4.5438211039261995
2 28 -0.10880101414813725
2 29 -0.2176020282962745
2 30 1.9777092438203905
2 31 3.955418487640781
2 32 -0.03595721756052794
2 33 -0.07191443512105589
2 34 0.33053783780945706
2 35 0.6610756756189141
2 36 2.2415859155311826
2 37 4.483171831062365
2 38 -2.574028097601367
2 39 -5.148056195202734
3 -8.529057023335195
3 4 2.8358023920570448
3 5 5.6716047841140895
3 6 3.871546658673321
3 7 7.743093317346642
3 8 3.4837882858998985
3 9 6.967576571799797
3 10 -1.200581820554534
3 11 -2.401163641109068
3 12 0.09716923460792781
3 13 0.19433846921585562
3 14 -0.25687643692279905
3 15 -0.5137528738455981
3 16 1.4439397851110094
3 17 2.887879570222019
3 18 2.566603155290679
3 19 5.133206310581358
3 20 -0.7099584960046619
3 21 -1.4199169920093238
3 22 -2.43835147344129
3 23 -4.87670294688258
3 24 2.0504664636350665
3 25 4.100932927270133
3 26 -4.5438211039261995
3 27 -9.087642207852399
3 28 -0.2176020282962745
3 29 -0.435204056592549
3 30 3.955418487640781
3 31 7.910836975281562
3 32 -0.07191443512105589
3 33 -0.14382887024211177
3 34 0.6610756756189141
3 35 1.3221513512378282
3 36 4.483171831062365
3 37 8.96634366212473
3 38 -5.148056195202734
3 39 -10.296112390405469
4 -17.828182969070543
4 5 22.890921067372936
4 6 8.881784197001252e-16
4 7 1.7763568394002505e-15
4 8 1.088780248487771
4 9 2.177560496975542
4 10 -2.842463912021496
4 11 -5.684927824042992
4 12 4.90282334723325
4 13 9.8056466944665
4 14 1.0893174188152515
4 15 2.178634837630503
4 16 1.3264044211612405
4 17 2.652808842322481
4 18 -3.354856379593664
4 19 -6.709712759187328
4 20 -1.3945705735070497
4 21 -2.7891411470140994
4 22 -1.5271518818005785
4 23 -3.054303763601157
4 24 -3.695538853538732
4 25 -7.391077707077464
4 26 -0.13903143892296044
4 27 -0.2780628778459209
4 28 3.3829909167240952
4 29 6.7659818334481905
4 30 0.24656529163007945
4 31 0.4931305832601589
4 32 0.44606550773689757
4 33 0.8921310154737951
4 34 2.5268777166570207
4 35 5.053755433314041
4 36 -2.04290150757869
4 37 -4.08580301515738
4 38 -0.29995574001332215
4 39 -0.5999114800266443
5 -24.210905404454618
5 6 1.7763568394002505e-15
5 7 3.552713678800501e-15
5 8 2.177560496975542
5 9 4.355120993951084
5 10 -5.684927824042992
5 11 -11.369855648085984
5 12 9.8056466944665
5 13 19.611293388933
5 14 2.178634837630503
5 15 4.357269675261006
5 16 2.652808842322481
5 17 5.305617684644962
5 18 -6.709712759187328
5 19 -13.419425518374656
5 20 -2.7891411470140994
5 21 -5.578282294028199
5 22 -3.054303763601157
5 23 -6.108607527202314
5 24 -7.391077707077464
5 25 -14.782155414154929
5 26 -0.2780628778459209
5 27 -0.5561257556918417
5 28 6.7659818334481905
5 29 13.531963666896381
5 30 0.4931305832601589
5 31 0.9862611665203178
5 32 0.8921310154737951
5 33 1.7842620309475903
5 34 5.053755433314041
5 35 10.107510866628083
5 36 -4.08580301515738
5 37 -8.17160603031476
5 38 -0.5999114800266443
5 39 -1.1998229600532886
6 -14.282591520030593
6 7 22.890921067372936
6 8 2.8424639120214965
6 9 5.684927824042993
6 10 1.088780248487771
6 11 2.177560496975542
6 12 -1.0893174188152508
6 13 -2.1786348376305016
6 14 4.902823347233251
6 15 9.805646694466502
6 16 3.354856379593664
6 17 6.709712759187328
6 18 1.3264044211612407
6 19 2.6528088423224814
6 20 1.5271518818005787
6 21 3.0543037636011574
6 22 -1.3945705735070497
6 23 -2.7891411470140994
6 24 0.13903143892296022
6 25 0.27806287784592043
6 26 -3.6955388535387317
6 27 -7.391077707077463
6 28 -0.24656529163007912
6 29 -0.49313058326015824
6 30 3.382990916724095
6 31 6.76598183344819
6 32 -2.5268777166570207
6 33 -5.053755433314041
6 34 0.4460655077368971
6 35 0.8921310154737943
6 36 0.29995574001332237
6 37 0.5999114800266447
6 38 -2.04290150757869
6 39 -4.08580301515738
7 -17.119722506374718
7 8 5.684927824042993
7 9 11.369855648085986
7 10 2.177560496975542
7 11 4.355120993951084
7 12 -2.1786348376305016
7 13 -4.357269675261003
7 14 9.805646694466502
7 15 19.611293388933003
7 16 6.709712759187328
7 17 13.419425518374656
7 18 2.6528088423224814
7 19 5.305617684644963
7 20 3.0543037636011574
7 21 6.108607527202315
7 22 -2.7891411470140994
7 23 -5.578282294028199
7 24 0.27806287784592043
7 25 0.5561257556918409
7 26 -7.391077707077463
7 27 -14.782155414154927
7 28 -0.49313058326015824
7 29 -0.9862611665203165
7 30 6.76598183344819
7 31 13.53196366689638
7 32 -5.053755433314041
7 33 -10.107510866628083
7 34 0.8921310154737943
7 35 1.7842620309475885
7 36 0.5999114800266447
7 37 1.1998229600532895
7 38 -4.08580301515738
7 39 -8.17160603031476
8 -9.870025117692077
8 9 9.632319042255304
8 10 3.608224830031759e-16
8 11 7.216449660063518e-16
8 12 -0.09383711888249424
8 13 -0.18767423776498848
8 14 0.08051727990299273
8 15 0.16103455980598547
8 16 0.44927027166974587
8 17 0.8985405433394917
8 18 2.0744889504228685
8 19 4.148977900845737
8 20 0.3733917551456196
8 21 0.7467835102912392
8 22 -1.2634714321686271
8 23 -2.5269428643372542
8 24 -0.8817567772255931
8 25 -1.7635135544511862
8 26 -2.173361995630423
8 27 -4.346723991260846
8 28 0.4773512967514562
8 29 0.9547025935029124
8 30 1.7314664180933694
8 31 3.462932836186739
8 32 -0.934274113631246
8 33 -1.868548227262492
8 34 0.762240655804368
8 35 1.524481311608736
8 36 1.5166323383265075
8 37 3.033264676653015
8 38 0.5642458875072701
8 39 1.1284917750145402
9 -14.923890714256498
9 10 7.216449660063518e-16
9 11 1.4432899320127035e-15
9 12 -0.18767423776498848
9 13 -0.37534847552997697
9 14 0.16103455980598547
9 15 0.32206911961197093
9 16 0.8985405433394917
9 17 1.7970810866789835
9 18 4.148977900845737
9 19 8.297955801691474
9 20 0.7467835102912392
9 21 1.4935670205824785
9 22 -2.5269428643372542
9 23 -5.0538857286745085
9 24 -1.7635135544511862
9 25 -3.5270271089023724
9 26 -4.346723991260846
9 27 -8.693447982521691
9 28 0.9547025935029124
9 29 1.9094051870058248
9 30 3.462932836186739
9 31 6.925865672373478
9 32 -1.868548227262492
9 33 -3.737096454524984
9 34 1.524481311608736
9 35 3.048962623217472
9 36 3.033264676653015
9 37 6.06652935330603
9 38 1.1284917750145402
9 39 2.2569835500290805
10 3.2285124175090347
10 11 9.632319042255304
10 12 -0.08051727990299296
10 13 -0.1610345598059859
10 14 -0.09383711888249424
10 15 -0.18767423776498848
10 16 -2.074488950422869
10 17 -4.148977900845738
10 18 0.449270271669746
10 19 0.898540543339492
10 20 1.263471432168627
10 21 2.526942864337254
10 22 0.3733917551456195
10 23 0.746783510291239
10 24 2.173361995630423
10 25 4.346723991260846
10 26 -0.8817567772255933
10 27 -1.7635135544511866
10 28 -1.731466418093369
10 29 -3.462932836186738
10 30 0.47735129675145627
10 31 0.9547025935029125
10 32 -0.7622406558043684
10 33 -1.5244813116087368
10 34 -0.9342741136312458
10 35 -1.8685482272624916
10 36 -0.5642458875072698
10 37 -1.1284917750145396
10 38 1.5166323383265075
10 39 3.033264676653015
11 11.273184356145723
11 12 -0.1610345598059859
11 13 -0.3220691196119718
11 14 -0.18767423776498848
11 15 -0.37534847552997697
11 16 -4.148977900845738
11 17 -8.297955801691476
11 18 0.898540543339492
11 19 1.797081086678984
11 20 2.526942864337254
11 21 5.053885728674508
11 22 0.746783510291239
11 23 1.493567020582478
11 24 4.346723991260846
11 25 8.693447982521691
11 26 -1.7635135544511866
11 27 -3.5270271089023733
11 28 -3.462932836186738
11 29 -6.925865672373476
11 30 0.9547025935029125
11 31 1.909405187005825
11 32 -1.5244813116087368
11 33 -3.0489626232174736
11 34 -1.8685482272624916
11 35 -3.737096454524983
11 36 -1.1284917750145396
11 37 -2.256983550029079
11 38 3.033264676653015
11 39 6.06652935330603
12 -17.78184028736572
12 13 12.893894814490615
12 14 6.661338147750939e-16
12 15 1.3322676295501878e-15
12 16 0.27966218526243486
12 17 0.5593243705248697
12 18 -0.15017391947661662
12 19 -0.30034783895323325
12 20 0.0039214280669468415
12 21 0.007842856133893683
12 22 2.016159385122589
12 23 4.032318770245178
12 24 -1.4217225007565624
12 25 -2.8434450015131247
12 26 -0.4410969680555473
12 27 -0.8821939361110946
12 28 -1.6946928344545125
12 29 -3.389385668909025
12 30 -0.847342600733308
12 31 -1.694685201466616
12 32 -0.23193170535217378
12 33 -0.46386341070434756
12 34 0.69646868833217
12 35 1.39293737666434
12 36 -1.5728695666742794
12 37 -3.1457391333485587
12 38 1.5698571175498184
12 39 3.1397142350996368
13 -29.11673316748614
13 14 1.3322676295501878e-15
13 15 2.6645352591003757e-15
13 16 0.5593243705248697
13 17 1.1186487410497394
13 18 -0.30034783895323325
13 19 -0.6006956779064665
13 20 0.007842856133893683
13 21 0.015685712267787366
13 22 4.032318770245178
13 23 8.064637540490356
13 24 -2.8434450015131247
13 25 -5.6868900030262495
13 26 -0.8821939361110946
13 27 -1.7643878722221893
13 28 -3.389385668909025
13 29 -6.77877133781805
13 30 -1.694685201466616
13 31 -3.389370402933232
13 32 -0.46386341070434756
13 33 -0.9277268214086951
13 34 1.39293737666434
13 35 2.78587475332868
13 36 -3.1457391333485587
13 37 -6.291478266697117
13 38 3.1397142350996368
13 39 6.2794284701992735
14 -9.689517156917011
14 15 12.893894814490615
14 16 0.15017391947661687
14 17 0.30034783895323375
14 18 0.2796621852624351
14 19 0.5593243705248702
14 20 -2.016159385122589
14 21 -4.032318770245178
14 22 0.003921428066947175
14 23 0.00784285613389435
14 24 0.4410969680555472
14 25 0.8821939361110944
14 26 -1.4217225007565624
14 27 -2.8434450015131247
14 28 0.8473426007333078
14 29 1.6946852014666156
14 30 -1.6946928344545125
14 31 -3.389385668909025
14 32 -0.6964686883321698
14 33 -1.3929373766643396
14 34 -0.23193170535217345
14 35 -0.4638634107043469
14 36 -1.5698571175498184
14 37 -3.1397142350996368
14 38 -1.5728695666742798
14 39 -3.1457391333485596
15 -12.932086906588713
15 16 0.30034783895323375
15 17 0.6006956779064675
15 18 0.5593243705248702
15 19 1.1186487410497403
15 20 -4.032318770245178
15 21 -8.064637540490356
15 22 0.00784285613389435
15 23 0.0156857122677887
15 24 0.8821939361110944
15 25 1.7643878722221888
15 26 -2.8434450015131247
15 27 -5.6868900030262495
15 28 1.6946852014666156
15 29 3.389370402933231
15 30 -3.389385668909025
15 31 -6.77877133781805
15 32 -1.3929373766643396
15 33 -2.785874753328679
15 34 -0.4638634107043469
15 35 -0.9277268214086938
15 36 -3.1397142350996368
15 37 -6.2794284701992735
15 38 -3.1457391333485596
15 39 -6.291478266697119
16 -7.311765119163518
16 17 15.481399982663618
16 18 2.220446049250313e-16
16 19 4.440892098500626e-16
16 20 0.9717336548162916
16 21 1.9434673096325832
16 22 -1.3433425100931675
16 23 -2.686685020186335
16 24 -1.8435074902852795
16 25 -3.687014980570559
16 26 -0.9084809173865431
16 27 -1.8169618347730863
16 28 2.753277264378017
16 29 5.506554528756034
16 30 1.785651925631267
16 31 3.571303851262534
16 32 -1.013293002448072
16 33 -2.026586004896144
16 34 2.643485602777045
16 35 5.28697120555409
16 36 0.6290616798122579
16 37 1.2581233596245158
16 38 -2.2821263568175136
16 39 -4.564252713635027
17 -6.882830246995226
17 18 4.440892098500626e-16
17 19 8.881784197001252e-16
17 20 1.9434673096325832
17 21 3.8869346192651664
17 22 -2.686685020186335
17 23 -5.37337004037267
17 24 -3.687014980570559
17 25 -7.374029961141118
17 26 -1.8169618347730863
17 27 -3.6339236695461725
17 28 5.506554528756034
17 29 11.013109057512068
17 30 3.571303851262534
17 31 7.142607702525068
17 32 -2.026586004896144
17 33 -4.053172009792288
17 34 5.28697120555409
17 35 10.57394241110818
17 36 1.2581233596245158
17 37 2.5162467192490316
17 38 -4.564252713635027
17 39 -9.128505427270055
18 -14.711530762338086
18 19 15.481399982663618
18 20 1.3433425100931673
18 21 2.6866850201863346
18 22 0.9717336548162916
18 23 1.9434673096325832
18 24 0.9084809173865434
18 25 1.8169618347730867
18 26 -1.8435074902852797
18 27 -3.6870149805705594
18 28 -1.785651925631267
18 29 -3.571303851262534
18 30 2.753277264378017
18 31 5.506554528756034
18 32 -2.643485602777045
18 33 -5.28697120555409
18 34 -1.0132930024480722
18 35 -2.0265860048961444
18 36 2.2821263568175136
18 37 4.564252713635027
18 38 0.6290616798122579
18 39 1.2581233596245158
19 -21.682361533344363
19 20 2.6866850201863346
19 21 5.373370040372669
19 22 1.9434673096325832
19 23 3.8869346192651664
19 24 1.8169618347730867
19 25 3.6339236695461734
19 26 -3.6870149805705594
19 27 -7.374029961141119
19 28 -3.571303851262534
19 29 -7.142607702525068
19 30 5.506554528756034
19 31 11.013109057512068
19 32 -5.28697120555409
19 33 -10.57394241110818
19 34 -2.0265860048961444
19 35 -4.053172009792289
19 36 4.564252713635027
19 37 9.128505427270055
19 38 1.2581233596245158
19 39 2.5162467192490316
20 1.1334540832643354
20 21 15.885988787725596
20 22 2.220446049250313e-16
20 23 4.440892098500626e-16
20 24 -0.5725060118383019
20 25 -1.1450120236766037
20 26 -1.7257939179113881
20 27 -3.4515878358227763
20 28 -1.6267180110545707
20 29 -3.2534360221091414
20 30 1.2956679822330939
20 31 2.5913359644661877
20 32 1.047355015908433
20 33 2.094710031816866
20 34 -0.08731808019631793
20 35 -0.17463616039263585
20 36 1.0875000790931444
20 37 2.175000158186289
20 38 0.8267118572261845
20 39 1.653423714452369
21 10.20990256039147
21 22 4.440892098500626e-16
21 23 8.881784197001252e-16
21 24 -1.1450120236766037
21 25 -2.2900240473532074
21 26 -3.4515878358227763
21 27 -6.903175671645553
21 28 -3.2534360221091414
21 29 -6.506872044218283
21 30 2.5913359644661877
21 31 5.1826719289323755
21 32 2.094710031816866
21 33 4.189420063633732
21 34 -0.17463616039263585
21 35 -0.3492723207852717
21 36 2.175000158186289
21 37 4.350000316372578
21 38 1.653423714452369
21 39 3.306847428904738
22 -9.76861259893236
22 23 15.885988787725596
22 24 1.7257939179113881
22 25 3.4515878358227763
22 26 -0.5725060118383017
22 27 -1.1450120236766035
22 28 -1.295667982233094
22 29 -2.591335964466188
22 30 -1.6267180110545707
22 31 -3.2534360221091414
22 32 0.08731808019631793
22 33 0.17463616039263585
22 34 1.0473550159084333
22 35 2.0947100318168665
22 36 -0.8267118572261845
22 37 -1.653423714452369
22 38 1.0875000790931444
22 39 2.175000158186289
23 -11.594230804001924
23 24 3.4515878358227763
23 25 6.903175671645553
23 26 -1.1450120236766035
23 27 -2.290024047353207
23 28 -2.591335964466188
23 29 -5.182671928932376
23 30 -3.2534360221091414
23 31 -6.506872044218283
23 32 0.17463616039263585
23 33 0.3492723207852717
23 34 2.0947100318168665
23 35 4.189420063633733
23 36 -1.653423714452369
23 37 -3.306847428904738
23 38 2.175000158186289
23 39 4.350000316372578
24 -0.6586984534840408
24 25 12.863308064229493
24 26 4.440892098500626e-16
24 27 8.881784197001252e-16
24 28 -2.2074192276398787
24 29 -4.4148384552797575
24 30 -1.8625443129343122
24 31 -3.7250886258686244
24 32 0.6805823600568405
24 33 1.361164720113681
24 34 1.1517969859190698
24 35 2.3035939718381395
24 36 1.2736810767666902
24 37 2.5473621535333804
24 38 -0.5146246303203149
24 39 -1.0292492606406298
25 5.114257125146663
25 26 8.881784197001252e-16
25 27 1.7763568394002505e-15
25 28 -4.4148384552797575
25 29 -8.829676910559515
25 30 -3.7250886258686244
25 31 -7.450177251737249
25 32 1.361164720113681
25 33 2.722329440227362
25 34 2.3035939718381395
25 35 4.607187943676279
25 36 2.5473621535333804
25 37 5.094724307066761
25 38 -1.0292492606406298
25 39 -2.0584985212812597
26 14.2602020675046
26 27 12.863308064229493
26 28 1.862544312934312
26 29 3.725088625868624
26 30 -2.2074192276398787
26 31 -4.4148384552797575
26 32 -1.1517969859190695
26 33 -2.303593971838139
26 34 0.6805823600568406
26 35 1.3611647201136812
26 36 0.514624630320315
26 37 1.02924926064063
26 38 1.2736810767666902
26 39 2.5473621535333804
27 34.952058167123944
27 28 3.725088625868624
27 29 7.450177251737248
27 30 -4.4148384552797575
27 31 -8.829676910559515
27 32 -2.303593971838139
27 33 -4.607187943676278
27 34 1.3611647201136812
27 35 2.7223294402273623
27 36 1.02924926064063
27 37 2.05849852128126
27 38 2.5473621535333804
27 39 5.094724307066761
28 3.503489850513679
28 29 18.263494423039788
28 30 6.661338147750939e-16
28 31 1.3322676295501878e-15
28 32 -2.8401472466573363
28 33 -5.680294493314673
28 34 0.9396341287815975
28 35 1.879268257563195
28 36 -1.0762394341093877
28 37 -2.1524788682187754
28 38 -1.5129070231266821
28 39 -3.0258140462533643
29 16.138726912547256
29 30 1.3322676295501878e-15
29 31 2.6645352591003757e-15
29 32 -5.680294493314673
29 33 -11.360588986629345
29 34 1.879268257563195
29 35 3.75853651512639
29 36 -2.1524788682187754
29 37 -4.304957736437551
29 38 -3.0258140462533643
29 39 -6.0516280925067285
30 -6.197316112848431
30 31 18.263494423039788
30 32 -0.9396341287815981
30 33 -1.8792682575631963
30 34 -2.8401472466573363
30 35 -5.680294493314673
30 36 1.5129070231266821
30 37 3.0258140462533643
30 38 -1.0762394341093877
30 39 -2.1524788682187754
31 -3.262885014176966
31 32 -1.8792682575631963
31 33 -3.7585365151263925
31 34 -5.680294493314673
31 35 -11.360588986629345
31 36 3.0258140462533643
31 37 6.0516280925067285
31 38 -2.1524788682187754
31 39 -4.304957736437551
32 6.574721894218851
32 33 19.316113017744797
32 34 1.3322676295501878e-15
32 35 2.6645352591003757e-15
32 36 0.5040476949323831
32 37 1.0080953898647662
32 38 -1.5134968546444196
32 39 -3.0269937092888393
33 22.807500297310103
33 34 2.6645352591003757e-15
33 35 5.329070518200751e-15
33 36 1.0080953898647662
33 37 2.0161907797295324
33 38 -3.0269937092888393
33 39 -6.0539874185776785
34 -11.120687867905524
34 35 19.316113017744797
34 36 1.5134968546444203
34 37 3.0269937092888406
34 38 0.5040476949323829
34 39 1.0080953898647658
35 -12.583319226938649
35 36 3.0269937092888406
35 37 6.053987418577681
35 38 1.0080953898647658
35 39 2.0161907797295315
36 -5.43970902670453
36 37 13.515019642374074
36 38 2.7755575615628914e-16
36 39 5.551115123125783e-16
37 -4.121908232222022
37 38 5.551115123125783e-16
37 39 1.1102230246251565e-15
38 -5.49060391249133
38 39 13.515019642374074
39 -4.223698003795622
