40
1100111011000101001101001111110110110001
0 1.9889880483165028
0 1 21.39294916212306
0 2 7.216449660063518e-16
0 3 1.4432899320127035e-15
0 4 0.753897972700439
0 5 1.507795945400878
0 6 1.1124173811419076
0 7 2.224834762283815
0 8 0.6780753413396075
0 9 1.356150682679215
0 10 2.5587930647935586
0 11 5.117586129587117
0 12 1.1153936013283858
0 13 2.2307872026567717
0 14 4.223831835005912
0 15 8.447663670011824
0 16 -3.9349090736806653
0 17 -7.869818147361331
0 18 -7.929947906785031
0 19 -15.859895813570063
0 20 0.022378222618035293
0 21 0.044756445236070586
0 22 3.377402737136814
0 23 6.754805474273628
0 24 3.1120204025281604
0 25 6.224040805056321
0 26 -0.05115015571366033
0 27 -0.10230031142732066
0 28 -2.309355706066155
0 29 -4.61871141213231
0 30 -1.3353472123230814
0 31 -2.670694424646163
0 32 8.138195340247169
0 33 16.276390680494337
0 34 0.5219708565923086
0 35 1.0439417131846171
0 36 0.9539898630494231
0 37 1.9079797260988463
0 38 -2.3870594169917005
0 39 -4.774118833983401
1 14.674450677694537
1 2 1.4432899320127035e-15
1 3 2.886579864025407e-15
1 4 1.507795945400878
1 5 3.015591890801756
1 6 2.224834762283815
1 7 4.44966952456763
1 8 1.356150682679215
1 9 2.71230136535843
1 10 5.117586129587117
1 11 10.235172259174234
1 12 2.2307872026567717
1 13 4.461574405313543
1 14 8.447663670011824
1 15 16.89532734002365
1 16 -7.869818147361331
1 17 -15.739636294722661
1 18 -15.859895813570063
1 19 -31.719791627140125
1 20 0.044756445236070586
1 21 0.08951289047214117
1 22 6.754805474273628
1 23 13.509610948547255
1 24 6.224040805056321
1 25 12.448081610112641
1 26 -0.10230031142732066
1 27 -0.2046006228546413
1 28 -4.61871141213231
1 29 -9.23742282426462
1 30 -2.670694424646163
1 31 -5.341388849292326
1 32 16.276390680494337
1 33 32.552781360988675
1 34 1.0439417131846171
1 35 2.0878834263692343
1 36 1.9079797260988463
1 37 3.8159594521976925
1 38 -4.774118833983401
1 39 -9.548237667966802
2 -12.120184402948436
2 3 21.39294916212306
2 4 -1.1124173811419076
2 5 -2.224834762283815
2 6 0.7538979727004395
2 7 1.507795945400879
2 8 -2.5587930647935586
2 9 -5.117586129587117
2 10 0.6780753413396075
2 11 1.356150682679215
2 12 -4.223831835005912
2 13 -8.447663670011824
2 14 1.1153936013283858
2 15 2.2307872026567717
2 16 7.929947906785031
2 17 15.859895813570063
2 18 -3.9349090736806653
2 19 -7.869818147361331
2 20 -3.377402737136814
2 21 -6.754805474273628
2 22 0.02237822261803532
2 23 0.04475644523607064
2 24 0.05115015571366055
2 25 0.1023003114273211
2 26 3.1120204025281604
2 27 6.224040805056321
2 28 1.3353472123230814
2 29 2.670694424646163
2 30 -2.3093557060661554
2 31 -4.618711412132311
2 32 -0.5219708565923079
2 33 -1.0439417131846158
2 34 8.138195340247169
2 35 16.276390680494337
2 36 2.3870594169917005
2 37 4.774118833983401
2 38 0.9539898630494233
2 39 1.9079797260988467
3 -13.543894224835338
3 4 -2.224834762283815
3 5 -4.44966952456763
3 6 1.507795945400879
3 7 3.015591890801758
3 8 -5.117586129587117
3 9 -10.235172259174234
3 10 1.356150682679215
3 11 2.71230136535843
3 12 -8.447663670011824
3 13 -16.89532734002365
3 14 2.2307872026567717
3 15 4.461574405313543
3 16 15.859895813570063
3 17 31.719791627140125
3 18 -7.869818147361331
3 19 -15.739636294722661
3 20 -6.754805474273628
3 21 -13.509610948547255
3 22 0.04475644523607064
3 23 0.08951289047214128
3 24 0.1023003114273211
3 25 0.2046006228546422
3 26 6.224040805056321
3 27 12.448081610112641
3 28 2.670694424646163
3 29 5.341388849292326
3 30 -4.618711412132311
3 31 -9.237422824264621
3 32 -1.0439417131846158
3 33 -2.0878834263692316
3 34 16.276390680494337
3 35 32.552781360988675
3 36 4.774118833983401
3 37 9.548237667966802
3 38 1.9079797260988467
3 39 3.8159594521976934
4 -3.012194229521721
4 5 18.053506154295434
4 6 6.661338147750939e-16
4 7 1.3322676295501878e-15
4 8 0.9296615468145369
4 9 1.8593230936290739
4 10 0.16150259532589925
4 11 0.3230051906517985
4 12 -1.1862006588647362
4 13 -2.3724013177294725
4 14 2.5270064832794343
4 15 5.054012966558869
4 16 -2.104215943357863
4 17 -4.208431886715726
4 18 -2.6555907702617194
4 19 -5.311181540523439
4 20 0.1729632125114029
4 21 0.3459264250228058
4 22 -2.4829155464001733
4 23 -4.965831092800347
4 24 1.051662856992028
4 25 2.103325713984056
4 26 -0.43832299580294354
4 27 -0.8766459916058871
4 28 -5.4545169514550516
4 29 -10.909033902910103
4 30 -0.23499834522212132
4 31 -0.46999669044424264
4 32 1.4472022297241396
4 33 2.894404459448279
4 34 -0.038828887890564434
4 35 -0.07765777578112887
4 36 -0.45684017305048696
4 37 -0.9136803461009739
4 38 -1.254914365466587
4 39 -2.509828730933174
5 3.002364618104277
5 6 1.3322676295501878e-15
5 7 2.6645352591003757e-15
5 8 1.8593230936290739
5 9 3.7186461872581478
5 10 0.3230051906517985
5 11 0.646010381303597
5 12 -2.3724013177294725
5 13 -4.744802635458945
5 14 5.054012966558869
5 15 10.108025933117737
5 16 -4.208431886715726
5 17 -8.416863773431452
5 18 -5.311181540523439
5 19 -10.622363081046878
5 20 0.3459264250228058
5 21 0.6918528500456116
5 22 -4.965831092800347
5 23 -9.931662185600693
5 24 2.103325713984056
5 25 4.206651427968112
5 26 -0.8766459916058871
5 27 -1.7532919832117742
5 28 -10.909033902910103
5 29 -21.818067805820206
5 30 -0.46999669044424264
5 31 -0.9399933808884853
5 32 2.894404459448279
5 33 5.788808918896558
5 34 -0.07765777578112887
5 35 -0.15531555156225774
5 36 -0.9136803461009739
5 37 -1.8273606922019479
5 38 -2.509828730933174
5 39 -5.019657461866348
6 2.522014393325355
6 7 18.053506154295434
6 8 -0.1615025953258992
6 9 -0.3230051906517984
6 10 0.929661546814537
6 11 1.859323093629074
6 12 -2.527006483279435
6 13 -5.05401296655887
6 14 -1.1862006588647362
6 15 -2.3724013177294725
6 16 2.6555907702617185
6 17 5.311181540523437
6 18 -2.1042159433578638
6 19 -4.2084318867157275
6 20 2.4829155464001733
6 21 4.965831092800347
6 22 0.17296321251140245
6 23 0.3459264250228049
6 24 0.43832299580294365
6 25 0.8766459916058873
6 26 1.0516628569920285
6 27 2.103325713984057
6 28 0.23499834522212076
6 29 0.4699966904442415
6 30 -5.4545169514550516
6 31 -10.909033902910103
6 32 0.038828887890564656
6 33 0.07765777578112931
6 34 1.4472022297241396
6 35 2.894404459448279
6 36 1.2549143654665862
6 37 2.5098287309331724
6 38 -0.45684017305048696
6 39 -0.9136803461009739
7 14.070781863798429
7 8 -0.3230051906517984
7 9 -0.6460103813035968
7 10 1.859323093629074
7 11 3.718646187258148
7 12 -5.05401296655887
7 13 -10.10802593311774
7 14 -2.3724013177294725
7 15 -4.744802635458945
7 16 5.311181540523437
7 17 10.622363081046874
7 18 -4.2084318867157275
7 19 -8.416863773431455
7 20 4.965831092800347
7 21 9.931662185600693
7 22 0.3459264250228049
7 23 0.6918528500456098
7 24 0.8766459916058873
7 25 1.7532919832117746
7 26 2.103325713984057
7 27 4.206651427968114
7 28 0.4699966904442415
7 29 0.939993380888483
7 30 -10.909033902910103
7 31 -21.818067805820206
7 32 0.07765777578112931
7 33 0.15531555156225862
7 34 2.894404459448279
7 35 5.788808918896558
7 36 2.5098287309331724
7 37 5.019657461866345
7 38 -0.9136803461009739
7 39 -1.8273606922019479
8 10.982028105917966
8 9 11.517927774292364
8 10 3.885780586188048e-16
8 11 7.771561172376096e-16
8 12 0.5156698024563938
8 13 1.0313396049127876
8 14 0.12292571111155925
8 15 0.2458514222231185
8 16 -5.757998700084093
8 17 -11.515997400168185
8 18 0.8665348581523991
8 19 1.7330697163047981
8 20 0.8963375954698262
8 21 1.7926751909396523
8 22 -0.8172525078797307
8 23 -1.6345050157594614
8 24 1.973448622073396
8 25 3.946897244146792
8 26 -2.0269411623423657
8 27 -4.053882324684731
8 28 -1.1854288893895357
8 29 -2.3708577787790714
8 30 2.2033639836914523
8 31 4.4067279673829045
8 32 0.3831460533896307
8 33 0.7662921067792614
8 34 -0.6146510406225978
8 35 -1.2293020812451956
8 36 -0.8909368823628926
8 37 -1.7818737647257852
8 38 -0.3973104738894704
8 39 -0.7946209477789408
9 27.723020098982115
9 10 7.771561172376096e-16
9 11 1.5543122344752192e-15
9 12 1.0313396049127876
9 13 2.0626792098255753
9 14 0.2458514222231185
9 15 0.491702844446237
9 16 -11.515997400168185
9 17 -23.03199480033637
9 18 1.7330697163047981
9 19 3.4661394326095962
9 20 1.7926751909396523
9 21 3.5853503818793047
9 22 -1.6345050157594614
9 23 -3.2690100315189228
9 24 3.946897244146792
9 25 7.893794488293584
9 26 -4.053882324684731
9 27 -8.107764649369463
9 28 -2.3708577787790714
9 29 -4.741715557558143
9 30 4.4067279673829045
9 31 8.813455934765809
9 32 0.7662921067792614
9 33 1.5325842135585228
9 34 -1.2293020812451956
9 35 -2.458604162490391
9 36 -1.7818737647257852
9 37 -3.5637475294515704
9 38 -0.7946209477789408
9 39 -1.5892418955578815
10 9.759683398624546
10 11 11.517927774292364
10 12 -0.12292571111155892
10 13 -0.24585142222311784
10 14 0.5156698024563935
10 15 1.031339604912787
10 16 -0.8665348581524
10 17 -1.7330697163048
10 18 -5.757998700084093
10 19 -11.515997400168185
10 20 0.8172525078797306
10 21 1.6345050157594612
10 22 0.8963375954698262
10 23 1.7926751909396523
10 24 2.026941162342366
10 25 4.053882324684732
10 26 1.973448622073396
10 27 3.946897244146792
10 28 -2.2033639836914523
10 29 -4.4067279673829045
10 30 -1.185428889389536
10 31 -2.370857778779072
10 32 0.614651040622598
10 33 1.229302081245196
10 34 0.3831460533896305
10 35 0.766292106779261
10 36 0.39731047388947005
10 37 0.7946209477789401
10 38 -0.8909368823628927
10 39 -1.7818737647257854
11 25.27833068439527
11 12 -0.24585142222311784
11 13 -0.4917028444462357
11 14 1.031339604912787
11 15 2.062679209825574
11 16 -1.7330697163048
11 17 -3.4661394326096
11 18 -11.515997400168185
11 19 -23.03199480033637
11 20 1.6345050157594612
11 21 3.2690100315189223
11 22 1.7926751909396523
11 23 3.5853503818793047
11 24 4.053882324684732
11 25 8.107764649369464
11 26 3.946897244146792
11 27 7.893794488293584
11 28 -4.4067279673829045
11 29 -8.813455934765809
11 30 -2.370857778779072
11 31 -4.741715557558144
11 32 1.229302081245196
11 33 2.458604162490392
11 34 0.766292106779261
11 35 1.532584213558522
11 36 0.7946209477789401
11 37 1.5892418955578802
11 38 -1.7818737647257854
11 39 -3.563747529451571
12 14.911346792155605
12 13 16.06722469450017
12 14 2.220446049250313e-16
12 15 4.440892098500626e-16
12 16 -2.1718845280411654
12 17 -4.343769056082331
12 18 0.7554244279634577
12 19 1.5108488559269153
12 20 2.1196787625294995
12 21 4.239357525058999
12 22 0.19864771121487707
12 23 0.39729542242975413
12 24 -1.176465170768522
12 25 -2.352930341537044
12 26 -0.9498647180270672
12 27 -1.8997294360541344
12 28 -0.27984269557284375
12 29 -0.5596853911456875
12 30 2.3562166948479244
12 31 4.712433389695849
12 32 1.9746304813497009
12 33 3.9492609626994017
12 34 -4.496968306085208
12 35 -8.993936612170415
12 36 -1.9716616708764894
12 37 -3.9433233417529787
12 38 -2.5109321962729756
12 39 -5.021864392545951
13 37.856305931561295
13 14 4.440892098500626e-16
13 15 8.881784197001252e-16
13 16 -4.343769056082331
13 17 -8.687538112164662
13 18 1.5108488559269153
13 19 3.0216977118538306
13 20 4.239357525058999
13 21 8.478715050117998
13 22 0.39729542242975413
13 23 0.7945908448595083
13 24 -2.352930341537044
13 25 -4.705860683074088
13 26 -1.8997294360541344
13 27 -3.7994588721082687
13 28 -0.5596853911456875
13 29 -1.119370782291375
13 30 4.712433389695849
13 31 9.424866779391698
13 32 3.9492609626994017
13 33 7.8985219253988035
13 34 -8.993936612170415
13 35 -17.98787322434083
13 36 -3.9433233417529787
13 37 -7.886646683505957
13 38 -5.021864392545951
13 39 -10.043728785091902
14 -19.916915710673695
14 15 16.06722469450017
14 16 -0.7554244279634579
14 17 -1.5108488559269158
14 18 -2.171884528041166
14 19 -4.343769056082332
14 20 -0.19864771121487695
14 21 -0.3972954224297539
14 22 2.1196787625295
14 23 4.239357525059
14 24 0.9498647180270671
14 25 1.8997294360541341
14 26 -1.176465170768522
14 27 -2.352930341537044
14 28 -2.3562166948479244
14 29 -4.712433389695849
14 30 -0.27984269557284364
14 31 -0.5596853911456873
14 32 4.496968306085208
14 33 8.993936612170415
14 34 1.9746304813497007
14 35 3.9492609626994013
14 36 2.5109321962729756
14 37 5.021864392545951
14 38 -1.9716616708764898
14 39 -3.9433233417529796
15 -31.800219074097306
15 16 -1.5108488559269158
15 17 -3.0216977118538315
15 18 -4.343769056082332
15 19 -8.687538112164663
15 20 -0.3972954224297539
15 21 -0.7945908448595078
15 22 4.239357525059
15 23 8.478715050118
15 24 1.8997294360541341
15 25 3.7994588721082683
15 26 -2.352930341537044
15 27 -4.705860683074088
15 28 -4.712433389695849
15 29 -9.424866779391698
15 30 -0.5596853911456873
15 31 -1.1193707822913745
15 32 8.993936612170415
15 33 17.98787322434083
15 34 3.9492609626994013
15 35 7.898521925398803
15 36 5.021864392545951
15 37 10.043728785091902
15 38 -3.9433233417529796
15 39 -7.886646683505959
16 -24.640440854377673
16 17 35.694015380070624
16 18 1.3322676295501878e-15
16 19 2.6645352591003757e-15
16 20 -2.095837939906014
16 21 -4.191675879812028
16 22 -2.951274660554848
16 23 -5.902549321109696
16 24 -1.489923578216998
16 25 -2.979847156433996
16 26 2.721750388072313
16 27 5.443500776144626
16 28 3.6265673470898827
16 29 7.253134694179765
16 30 -2.31105329167959
16 31 -4.62210658335918
16 32 -2.5053117883850584
16 33 -5.010623576770117
16 34 5.291298526133669
16 35 10.582597052267339
16 36 3.150626570428964
16 37 6.301253140857928
16 38 1.5511262181765815
16 39 3.102252436353163
17 -31.43387401872004
17 18 2.6645352591003757e-15
17 19 5.329070518200751e-15
17 20 -4.191675879812028
17 21 -8.383351759624055
17 22 -5.902549321109696
17 23 -11.805098642219392
17 24 -2.979847156433996
17 25 -5.959694312867992
17 26 5.443500776144626
17 27 10.887001552289252
17 28 7.253134694179765
17 29 14.50626938835953
17 30 -4.62210658335918
17 31 -9.24421316671836
17 32 -5.010623576770117
17 33 -10.021247153540234
17 34 10.582597052267339
17 35 21.165194104534677
17 36 6.301253140857928
17 37 12.602506281715856
17 38 3.102252436353163
17 39 6.204504872706326
18 -13.278511467268105
18 19 35.694015380070624
18 20 2.951274660554847
18 21 5.902549321109694
18 22 -2.0958379399060147
18 23 -4.1916758798120295
18 24 -2.721750388072313
18 25 -5.443500776144626
18 26 -1.4899235782169977
18 27 -2.9798471564339954
18 28 2.3110532916795905
18 29 4.622106583359181
18 30 3.6265673470898827
18 31 7.253134694179765
18 32 -5.29129852613367
18 33 -10.58259705226734
18 34 -2.5053117883850584
18 35 -5.010623576770117
18 36 -1.5511262181765813
18 37 -3.1022524363531625
18 38 3.1506265704289644
18 39 6.301253140857929
19 -8.710015244500894
19 20 5.902549321109694
19 21 11.805098642219388
19 22 -4.1916758798120295
19 23 -8.383351759624059
19 24 -5.443500776144626
19 25 -10.887001552289252
19 26 -2.9798471564339954
19 27 -5.959694312867991
19 28 4.622106583359181
19 29 9.244213166718362
19 30 7.253134694179765
19 31 14.50626938835953
19 32 -10.58259705226734
19 33 -21.16519410453468
19 34 -5.010623576770117
19 35 -10.021247153540234
19 36 -3.1022524363531625
19 37 -6.204504872706325
19 38 6.301253140857929
19 39 12.602506281715858
20 2.2216720626800877
20 21 8.456094848544838
20 22 2.220446049250313e-16
20 23 4.440892098500626e-16
20 24 -0.3306970135174332
20 25 -0.6613940270348664
20 26 -0.44708762466861285
20 27 -0.8941752493372257
20 28 -1.4458057825791344
20 29 -2.891611565158269
20 30 -0.8478467407067104
20 31 -1.6956934814134208
20 32 -0.007275665326739667
20 33 -0.014551330653479334
20 34 -2.0910194183361774
20 35 -4.182038836672355
20 36 -1.3267093526644813
20 37 -2.6534187053289626
20 38 -0.7331771466824446
20 39 -1.4663542933648892
21 8.671391549632595
21 22 4.440892098500626e-16
21 23 8.881784197001252e-16
21 24 -0.6613940270348664
21 25 -1.3227880540697328
21 26 -0.8941752493372257
21 27 -1.7883504986744514
21 28 -2.891611565158269
21 29 -5.783223130316538
21 30 -1.6956934814134208
21 31 -3.3913869628268416
21 32 -0.014551330653479334
21 33 -0.02910266130695867
21 34 -4.182038836672355
21 35 -8.36407767334471
21 36 -2.6534187053289626
21 37 -5.306837410657925
21 38 -1.4663542933648892
21 39 -2.9327085867297784
22 6.9600415770226345
22 23 8.456094848544838
22 24 0.44708762466861274
22 25 0.8941752493372255
22 26 -0.3306970135174332
22 27 -0.6613940270348664
22 28 0.8478467407067104
22 29 1.6956934814134208
22 30 -1.4458057825791344
22 31 -2.891611565158269
22 32 2.091019418336177
22 33 4.182038836672354
22 34 -0.007275665326739615
22 35 -0.01455133065347923
22 36 0.7331771466824445
22 37 1.466354293364889
22 38 -1.3267093526644813
22 39 -2.6534187053289626
23 18.148130578317687
23 24 0.8941752493372255
23 25 1.788350498674451
23 26 -0.6613940270348664
23 27 -1.3227880540697328
23 28 1.6956934814134208
23 29 3.3913869628268416
23 30 -2.891611565158269
23 31 -5.783223130316538
23 32 4.182038836672354
23 33 8.364077673344708
23 34 -0.01455133065347923
23 35 -0.02910266130695846
23 36 1.466354293364889
23 37 2.932708586729778
23 38 -2.6534187053289626
23 39 -5.306837410657925
24 -10.485774468433418
24 25 14.040802168692306
24 26 3.3306690738754696e-16
24 27 6.661338147750939e-16
24 28 0.25572458739665443
24 29 0.5114491747933089
24 30 -0.5819526421738959
24 31 -1.1639052843477917
24 32 1.7646937793675859
24 33 3.5293875587351717
24 34 3.0483707614582367
24 35 6.096741522916473
24 36 1.9799758300810408
24 37 3.9599516601620817
24 38 -0.539112970865905
24 39 -1.07822594173181
25 -13.951147852520684
25 26 6.661338147750939e-16
25 27 1.3322676295501878e-15
25 28 0.5114491747933089
25 29 1.0228983495866177
25 30 -1.1639052843477917
25 31 -2.3278105686955834
25 32 3.5293875587351717
25 33 7.0587751174703435
25 34 6.096741522916473
25 35 12.193483045832947
25 36 3.9599516601620817
25 37 7.919903320324163
25 38 -1.07822594173181
25 39 -2.15645188346362
26 -6.70009085606132
26 27 14.040802168692304
26 28 0.5819526421738959
26 29 1.1639052843477917
26 30 0.25572458739665443
26 31 0.5114491747933089
26 32 -3.048370761458237
26 33 -6.096741522916474
26 34 1.7646937793675859
26 35 3.5293875587351717
26 36 0.5391129708659052
26 37 1.0782259417318103
26 38 1.9799758300810413
26 39 3.9599516601620826
27 -6.379780627776487
27 28 1.1639052843477917
27 29 2.3278105686955834
27 30 0.5114491747933089
27 31 1.0228983495866177
27 32 -6.096741522916474
27 33 -12.193483045832949
27 34 3.5293875587351717
27 35 7.0587751174703435
27 36 1.0782259417318103
27 37 2.1564518834636206
27 38 3.9599516601620826
27 39 7.919903320324165
28 -0.6874838920877715
28 29 15.726096481267138
28 30 3.885780586188048e-16
28 31 7.771561172376096e-16
28 32 -2.1973968029395117
28 33 -4.394793605879023
28 34 1.5295086963067062
28 35 3.0590173926134123
28 36 1.4735682424321372
28 37 2.9471364848642745
28 38 1.5448122952598922
28 39 3.0896245905197843
29 6.488080456458025
29 30 7.771561172376096e-16
29 31 1.5543122344752192e-15
29 32 -4.394793605879023
29 33 -8.789587211758047
29 34 3.0590173926134123
29 35 6.118034785226825
29 36 2.9471364848642745
29 37 5.894272969728549
29 38 3.0896245905197843
29 39 6.179249181039569
30 1.8206055932981267
30 31 15.726096481267138
30 32 -1.5295086963067066
30 33 -3.059017392613413
30 34 -2.1973968029395112
30 35 -4.3947936058790225
30 36 -1.544812295259892
30 37 -3.089624590519784
30 38 1.4735682424321372
30 39 2.9471364848642745
31 11.504259427229822
31 32 -3.059017392613413
31 33 -6.118034785226826
31 34 -4.3947936058790225
31 35 -8.789587211758045
31 36 -3.089624590519784
31 37 -6.179249181039568
31 38 2.9471364848642745
31 39 5.894272969728549
32 -5.306156855309495
32 33 22.64641843433151
32 34 7.771561172376096e-16
32 35 1.5543122344752192e-15
32 36 -0.048698622019813786
32 37 -0.09739724403962757
32 38 -2.4351343792894182
32 39 -4.8702687585788365
33 0.7108955065467626
33 34 1.5543122344752192e-15
33 35 3.1086244689504383e-15
33 36 -0.09739724403962757
33 37 -0.19479448807925515
33 38 -4.8702687585788365
33 39 -9.740537517157673
34 -16.319874389713874
34 35 22.64641843433151
34 36 2.4351343792894182
34 37 4.8702687585788365
34 38 -0.048698622019813786
34 39 -0.09739724403962757
35 -21.316539562261998
35 36 4.8702687585788365
35 37 9.740537517157673
35 38 -0.09739724403962757
35 39 -0.19479448807925515
36 -16.040053188896845
36 37 10.760455367670243
36 38 2.220446049250313e-16
36 39 4.440892098500626e-16
37 -26.69987869395857
37 38 4.440892098500626e-16
37 39 8.881784197001252e-16
38 -11.910789037789389
38 39 10.760455367670243
39 -18.441350391743658
