40
1100111011000101001101001111110110110001
0 -12.693081215965993
0 1 29.01178154813261
0 2 6.661338147750939e-16
0 3 1.3322676295501878e-15
0 4 2.783745280824543
0 5 5.567490561649086
0 6 1.9611477750834587
0 7 3.9222955501669174
0 8 0.7831623485589632
0 9 1.5663246971179263
0 10 -0.6961783593457845
0 11 -1.392356718691569
0 12 1.394398582326454
0 13 2.788797164652908
0 14 -0.7605956416426425
0 15 -1.521191283285285
0 16 5.282539243574106
0 17 10.565078487148211
0 18 -1.1551917085785581
0 19 -2.3103834171571163
0 20 2.8103485334065077
0 21 5.620697066813015
0 22 3.0019738513230942
0 23 6.0039477026461885
0 24 -0.6158618291879918
0 25 -1.2317236583759836
0 26 2.7481853602679056
0 27 5.496370720535811
0 28 -1.315575525397441
0 29 -2.631151050794882
0 30 2.870891979467035
0 31 5.74178395893407
0 32 -4.393613739316512
0 33 -8.787227478633024
0 34 -1.8720413690326452
0 35 -3.7440827380652903
0 36 -2.939069832120004
0 37 -5.878139664240008
0 38 1.9564472951466556
0 39 3.912894590293311
1 -10.88027165786568
1 2 1.3322676295501878e-15
1 3 2.6645352591003757e-15
1 4 5.567490561649086
1 5 11.134981123298171
1 6 3.9222955501669174
1 7 7.844591100333835
1 8 1.5663246971179263
1 9 3.1326493942358526
1 10 -1.392356718691569
1 11 -2.784713437383138
1 12 2.788797164652908
1 13 5.577594329305816
1 14 -1.521191283285285
1 15 -3.04238256657057
1 16 10.565078487148211
1 17 21.130156974296423
1 18 -2.3103834171571163
1 19 -4.6207668343142325
1 20 5.620697066813015
1 21 11.24139413362603
1 22 6.0039477026461885
1 23 12.007895405292377
1 24 -1.2317236583759836
1 25 -2.4634473167519673
1 26 5.496370720535811
1 27 10.992741441071622
1 28 -2.631151050794882
1 29 -5.262302101589764
1 30 5.74178395893407
1 31 11.48356791786814
1 32 -8.787227478633024
1 33 -17.57445495726605
1 34 -3.7440827380652903
1 35 -7.488165476130581
1 36 -5.878139664240008
1 37 -11.756279328480016
1 38 3.912894590293311
1 39 7.825789180586622
2 -15.034438938480776
2 3 29.01178154813261
2 4 -1.9611477750834585
2 5 -3.922295550166917
2 6 2.783745280824542
2 7 5.567490561649084
2 8 0.6961783593457844
2 9 1.3923567186915689
2 10 0.7831623485589632
2 11 1.5663246971179263
2 12 0.7605956416426428
2 13 1.5211912832852856
2 14 1.394398582326454
2 15 2.788797164652908
2 16 1.1551917085785584
2 17 2.3103834171571167
2 18 5.282539243574105
2 19 10.56507848714821
2 20 -3.0019738513230934
2 21 -6.003947702646187
2 22 2.8103485334065077
2 23 5.620697066813015
2 24 -2.7481853602679065
2 25 -5.496370720535813
2 26 -0.6158618291879923
2 27 -1.2317236583759845
2 28 -2.870891979467036
2 29 -5.741783958934072
2 30 -1.315575525397441
2 31 -2.631151050794882
2 32 1.8720413690326447
2 33 3.7440827380652895
2 34 -4.393613739316512
2 35 -8.787227478633024
2 36 -1.9564472951466558
2 37 -3.9128945902933117
2 38 -2.9390698321200035
2 39 -5.878139664240007
3 -15.562987102895246
3 4 -3.922295550166917
3 5 -7.844591100333834
3 6 5.567490561649084
3 7 11.134981123298168
3 8 1.3923567186915689
3 9 2.7847134373831377
3 10 1.5663246971179263
3 11 3.1326493942358526
3 12 1.5211912832852856
3 13 3.0423825665705713
3 14 2.788797164652908
3 15 5.577594329305816
3 16 2.3103834171571167
3 17 4.620766834314233
3 18 10.56507848714821
3 19 21.13015697429642
3 20 -6.003947702646187
3 21 -12.007895405292373
3 22 5.620697066813015
3 23 11.24139413362603
3 24 -5.496370720535813
3 25 -10.992741441071626
3 26 -1.2317236583759845
3 27 -2.463447316751969
3 28 -5.741783958934072
3 29 -11.483567917868143
3 30 -2.631151050794882
3 31 -5.262302101589764
3 32 3.7440827380652895
3 33 7.488165476130579
3 34 -8.787227478633024
3 35 -17.57445495726605
3 36 -3.9128945902933117
3 37 -7.825789180586623
3 38 -5.878139664240007
3 39 -11.756279328480014
4 -40.178471247549965
4 5 22.444036353000076
4 6 4.440892098500626e-16
4 7 8.881784197001252e-16
4 8 2.574749880338558
4 9 5.149499760677116
4 10 -1.1338085920602765
4 11 -2.267617184120553
4 12 0.8393812478005385
4 13 1.678762495601077
4 14 -1.210317294681989
4 15 -2.420634589363978
4 16 4.849610940970284
4 17 9.699221881940568
4 18 -0.9424825403965957
4 19 -1.8849650807931915
4 20 2.6887355722068036
4 21 5.377471144413607
4 22 0.3051772003722433
4 23 0.6103544007444865
4 24 1.2800031438178099
4 25 2.5600062876356198
4 26 0.5821357628269025
4 27 1.164271525653805
4 28 -1.7557860672324326
4 29 -3.511572134464865
4 30 1.3844462752251845
4 31 2.768892550450369
4 32 1.9572988155883593
4 33 3.9145976311767186
4 34 -0.1385280617701391
4 35 -0.2770561235402782
4 36 2.095426173391295
4 37 4.19085234678259
4 38 0.20515251001242166
4 39 0.4103050200248433
5 -69.1349243185999
5 6 8.881784197001252e-16
5 7 1.7763568394002505e-15
5 8 5.149499760677116
5 9 10.298999521354231
5 10 -2.267617184120553
5 11 -4.535234368241106
5 12 1.678762495601077
5 13 3.357524991202154
5 14 -2.420634589363978
5 15 -4.841269178727956
5 16 9.699221881940568
5 17 19.398443763881136
5 18 -1.8849650807931915
5 19 -3.769930161586383
5 20 5.377471144413607
5 21 10.754942288827214
5 22 0.6103544007444865
5 23 1.220708801488973
5 24 2.5600062876356198
5 25 5.1200125752712395
5 26 1.164271525653805
5 27 2.32854305130761
5 28 -3.511572134464865
5 29 -7.02314426892973
5 30 2.768892550450369
5 31 5.537785100900738
5 32 3.9145976311767186
5 33 7.829195262353437
5 34 -0.2770561235402782
5 35 -0.5541122470805564
5 36 4.19085234678259
5 37 8.38170469356518
5 38 0.4103050200248433
5 39 0.8206100400496866
6 -38.97779319778612
6 7 22.444036353000076
6 8 1.133808592060277
6 9 2.267617184120554
6 10 2.5747498803385573
6 11 5.149499760677115
6 12 1.2103172946819893
6 13 2.4206345893639787
6 14 0.8393812478005388
6 15 1.6787624956010776
6 16 0.9424825403965966
6 17 1.8849650807931932
6 18 4.849610940970284
6 19 9.699221881940568
6 20 -0.30517720037224416
6 21 -0.6103544007444883
6 22 2.688735572206803
6 23 5.377471144413606
6 24 -0.5821357628269022
6 25 -1.1642715256538043
6 26 1.2800031438178099
6 27 2.5600062876356198
6 28 -1.3844462752251847
6 29 -2.7688925504503694
6 30 -1.7557860672324326
6 31 -3.511572134464865
6 32 0.1385280617701392
6 33 0.2770561235402784
6 34 1.9572988155883595
6 35 3.914597631176719
6 36 -0.20515251001242135
6 37 -0.4103050200248427
6 38 2.095426173391295
6 39 4.19085234678259
7 -66.7335682190722
7 8 2.267617184120554
7 9 4.535234368241108
7 10 5.149499760677115
7 11 10.29899952135423
7 12 2.4206345893639787
7 13 4.841269178727957
7 14 1.6787624956010776
7 15 3.357524991202155
7 16 1.8849650807931932
7 17 3.7699301615863865
7 18 9.699221881940568
7 19 19.398443763881136
7 20 -0.6103544007444883
7 21 -1.2207088014889766
7 22 5.377471144413606
7 23 10.754942288827213
7 24 -1.1642715256538043
7 25 -2.3285430513076086
7 26 2.5600062876356198
7 27 5.1200125752712395
7 28 -2.7688925504503694
7 29 -5.537785100900739
7 30 -3.511572134464865
7 31 -7.02314426892973
7 32 0.2770561235402784
7 33 0.5541122470805568
7 34 3.914597631176719
7 35 7.829195262353438
7 36 -0.4103050200248427
7 37 -0.8206100400496854
7 38 4.19085234678259
7 39 8.38170469356518
8 -5.9072615212878965
8 9 7.095558700824014
8 10 3.3306690738754696e-16
8 11 6.661338147750939e-16
8 12 -0.18055773036574607
8 13 -0.36111546073149214
8 14 -0.29587843389294166
8 15 -0.5917568677858833
8 16 0.38484178444695283
8 17 0.7696835688939057
8 18 -0.7779461901952673
8 19 -1.5558923803905347
8 20 1.9736426979727453
8 21 3.9472853959454905
8 22 1.042409385824677
8 23 2.084818771649354
8 24 -0.7406022948928133
8 25 -1.4812045897856265
8 26 1.134488009599815
8 27 2.26897601919963
8 28 0.31227660308082567
8 29 0.6245532061616513
8 30 -2.1800846056837413
8 31 -4.360169211367483
8 32 1.22320146888579
8 33 2.44640293777158
8 34 -0.5330111675217369
8 35 -1.0660223350434739
8 36 1.046469733927653
8 37 2.092939467855306
8 38 -0.9791801853675635
8 39 -1.958360370735127
9 -8.266743692163786
9 10 6.661338147750939e-16
9 11 1.3322676295501878e-15
9 12 -0.36111546073149214
9 13 -0.7222309214629843
9 14 -0.5917568677858833
9 15 -1.1835137355717666
9 16 0.7696835688939057
9 17 1.5393671377878113
9 18 -1.5558923803905347
9 19 -3.1117847607810694
9 20 3.9472853959454905
9 21 7.894570791890981
9 22 2.084818771649354
9 23 4.169637543298708
9 24 -1.4812045897856265
9 25 -2.962409179571253
9 26 2.26897601919963
9 27 4.53795203839926
9 28 0.6245532061616513
9 29 1.2491064123233027
9 30 -4.360169211367483
9 31 -8.720338422734965
9 32 2.44640293777158
9 33 4.89280587554316
9 34 -1.0660223350434739
9 35 -2.1320446700869478
9 36 2.092939467855306
9 37 4.185878935710612
9 38 -1.958360370735127
9 39 -3.916720741470254
10 -12.944863176650685
10 11 7.095558700824014
10 12 0.29587843389294155
10 13 0.5917568677858831
10 14 -0.18055773036574613
10 15 -0.36111546073149225
10 16 0.7779461901952675
10 17 1.555892380390535
10 18 0.38484178444695283
10 19 0.7696835688939057
10 20 -1.0424093858246766
10 21 -2.084818771649353
10 22 1.9736426979727453
10 23 3.9472853959454905
10 24 -1.1344880095998153
10 25 -2.2689760191996307
10 26 -0.7406022948928135
10 27 -1.481204589785627
10 28 2.1800846056837413
10 29 4.360169211367483
10 30 0.31227660308082567
10 31 0.6245532061616513
10 32 0.5330111675217373
10 33 1.0660223350434745
10 34 1.2232014688857897
10 35 2.4464029377715795
10 36 0.9791801853675636
10 37 1.9583603707351271
10 38 1.046469733927653
10 39 2.092939467855306
11 -22.341947002889363
11 12 0.5917568677858831
11 13 1.1835137355717662
11 14 -0.36111546073149225
11 15 -0.7222309214629845
11 16 1.555892380390535
11 17 3.11178476078107
11 18 0.7696835688939057
11 19 1.5393671377878113
11 20 -2.084818771649353
11 21 -4.169637543298706
11 22 3.9472853959454905
11 23 7.894570791890981
11 24 -2.2689760191996307
11 25 -4.537952038399261
11 26 -1.481204589785627
11 27 -2.962409179571254
11 28 4.360169211367483
11 29 8.720338422734965
11 30 0.6245532061616513
11 31 1.2491064123233027
11 32 1.0660223350434745
11 33 2.132044670086949
11 34 2.4464029377715795
11 35 4.892805875543159
11 36 1.9583603707351271
11 37 3.9167207414702543
11 38 2.092939467855306
11 39 4.185878935710612
12 -16.133260077220097
12 13 9.735796017250019
12 14 3.3306690738754696e-16
12 15 6.661338147750939e-16
12 16 2.125121504735142
12 17 4.250243009470284
12 18 1.3163282577091528
12 19 2.6326565154183057
12 20 -0.8035362816685285
12 21 -1.607072563337057
12 22 -2.3107157529721647
12 23 -4.621431505944329
12 24 0.5888901975540662
12 25 1.1777803951081325
12 26 -0.6378568176164872
12 27 -1.2757136352329743
12 28 -0.9193934261802372
12 29 -1.8387868523604745
12 30 -0.18408189201291525
12 31 -0.3681637840258305
12 32 1.5286491242376408
12 33 3.0572982484752815
12 34 0.17579241584969785
12 35 0.3515848316993957
12 36 0.8522281230011794
12 37 1.704456246002359
12 38 0.68350085877958
12 39 1.36700171755916
13 -27.398622145815185
13 14 6.661338147750939e-16
13 15 1.3322676295501878e-15
13 16 4.250243009470284
13 17 8.500486018940569
13 18 2.6326565154183057
13 19 5.265313030836611
13 20 -1.607072563337057
13 21 -3.214145126674114
13 22 -4.621431505944329
13 23 -9.242863011888659
13 24 1.1777803951081325
13 25 2.355560790216265
13 26 -1.2757136352329743
13 27 -2.5514272704659486
13 28 -1.8387868523604745
13 29 -3.677573704720949
13 30 -0.3681637840258305
13 31 -0.736327568051661
13 32 3.0572982484752815
13 33 6.114596496950563
13 34 0.3515848316993957
13 35 0.7031696633987914
13 36 1.704456246002359
13 37 3.408912492004718
13 38 1.36700171755916
13 39 2.73400343511832
14 -10.359315949542747
14 15 9.735796017250019
14 16 -1.3163282577091522
14 17 -2.6326565154183044
14 18 2.125121504735142
14 19 4.250243009470284
14 20 2.3107157529721647
14 21 4.621431505944329
14 22 -0.8035362816685284
14 23 -1.6070725633370568
14 24 0.6378568176164872
14 25 1.2757136352329743
14 26 0.5888901975540662
14 27 1.1777803951081325
14 28 0.18408189201291514
14 29 0.3681637840258303
14 30 -0.9193934261802369
14 31 -1.8387868523604738
14 32 -0.17579241584969774
14 33 -0.3515848316993955
14 34 1.5286491242376408
14 35 3.0572982484752815
14 36 -0.68350085877958
14 37 -1.36700171755916
14 38 0.8522281230011794
14 39 1.704456246002359
15 -15.850733890460486
15 16 -2.6326565154183044
15 17 -5.265313030836609
15 18 4.250243009470284
15 19 8.500486018940569
15 20 4.621431505944329
15 21 9.242863011888659
15 22 -1.6070725633370568
15 23 -3.2141451266741137
15 24 1.2757136352329743
15 25 2.5514272704659486
15 26 1.1777803951081325
15 27 2.355560790216265
15 28 0.3681637840258303
15 29 0.7363275680516606
15 30 -1.8387868523604738
15 31 -3.6775737047209476
15 32 -0.3515848316993955
15 33 -0.703169663398791
15 34 3.0572982484752815
15 35 6.114596496950563
15 36 -1.36700171755916
15 37 -2.73400343511832
15 38 1.704456246002359
15 39 3.408912492004718
16 -32.83360987203556
16 17 15.794625606228662
16 18 2.220446049250313e-16
16 19 4.440892098500626e-16
16 20 3.0147934394897855
16 21 6.029586878979571
16 22 0.2867417839762705
16 23 0.573483567952541
16 24 -0.5552520765935194
16 25 -1.1105041531870388
16 26 -0.5191427967519615
16 27 -1.038285593503923
16 28 0.3248810375088629
16 29 0.6497620750177258
16 30 4.050528537214501
16 31 8.101057074429002
16 32 1.3755159422444834
16 33 2.7510318844889667
16 34 -0.7513165822932211
16 35 -1.5026331645864421
16 36 0.43207478229203655
16 37 0.8641495645840731
16 38 -0.7985533231869067
16 39 -1.5971066463738135
17 -57.76990694095679
17 18 4.440892098500626e-16
17 19 8.881784197001252e-16
17 20 6.029586878979571
17 21 12.059173757959142
17 22 0.573483567952541
17 23 1.146967135905082
17 24 -1.1105041531870388
17 25 -2.2210083063740775
17 26 -1.038285593503923
17 27 -2.076571187007846
17 28 0.6497620750177258
17 29 1.2995241500354515
17 30 8.101057074429002
17 31 16.202114148858005
17 32 2.7510318844889667
17 33 5.5020637689779335
17 34 -1.5026331645864421
17 35 -3.0052663291728843
17 36 0.8641495645840731
17 37 1.7282991291681462
17 38 -1.5971066463738135
17 39 -3.194213292747627
18 -39.480973711115915
18 19 15.794625606228662
18 20 -0.28674178397627026
18 21 -0.5734835679525405
18 22 3.014793439489785
18 23 6.02958687897957
18 24 0.5191427967519612
18 25 1.0382855935039224
18 26 -0.5552520765935192
18 27 -1.1105041531870383
18 28 -4.0505285372145
18 29 -8.101057074429
18 30 0.3248810375088631
18 31 0.6497620750177262
18 32 0.751316582293221
18 33 1.502633164586442
18 34 1.375515942244483
18 35 2.751031884488966
18 36 0.7985533231869069
18 37 1.5971066463738137
18 38 0.4320747822920369
18 39 0.8641495645840738
19 -71.0646346191175
19 20 -0.5734835679525405
19 21 -1.146967135905081
19 22 6.02958687897957
19 23 12.05917375795914
19 24 1.0382855935039224
19 25 2.0765711870078447
19 26 -1.1105041531870383
19 27 -2.2210083063740766
19 28 -8.101057074429
19 29 -16.202114148858
19 30 0.6497620750177262
19 31 1.2995241500354524
19 32 1.502633164586442
19 33 3.005266329172884
19 34 2.751031884488966
19 35 5.502063768977932
19 36 1.5971066463738137
19 37 3.1942132927476274
19 38 0.8641495645840738
19 39 1.7282991291681475
20 -8.329755082604256
20 21 25.501037800979763
20 22 5.551115123125783e-16
20 23 1.1102230246251565e-15
20 24 2.049916835725357
20 25 4.099833671450714
20 26 1.3912749629977739
20 27 2.7825499259955477
20 28 0.22940136562320293
20 29 0.45880273124640586
20 30 2.803063327452268
20 31 5.606126654904536
20 32 -0.5959437909244958
20 33 -1.1918875818489916
20 34 2.2829686287518536
20 35 4.565937257503707
20 36 1.403279108062709
20 37 2.806558216125418
20 38 -2.256897680898317
20 39 -4.513795361796634
21 -3.9089912647186296
21 22 1.1102230246251565e-15
21 23 2.220446049250313e-15
21 24 4.099833671450714
21 25 8.199667342901428
21 26 2.7825499259955477
21 27 5.5650998519910955
21 28 0.45880273124640586
21 29 0.9176054624928117
21 30 5.606126654904536
21 31 11.212253309809071
21 32 -1.1918875818489916
21 33 -2.383775163697983
21 34 4.565937257503707
21 35 9.131874515007414
21 36 2.806558216125418
21 37 5.613116432250836
21 38 -4.513795361796634
21 39 -9.027590723593269
22 -32.02268157421496
22 23 25.501037800979763
22 24 -1.3912749629977736
22 25 -2.7825499259955473
22 26 2.049916835725357
22 27 4.099833671450714
22 28 -2.8030633274522674
22 29 -5.606126654904535
22 30 0.22940136562320287
22 31 0.45880273124640575
22 32 -2.282968628751854
22 33 -4.565937257503708
22 34 -0.5959437909244958
22 35 -1.1918875818489916
22 36 2.256897680898317
22 37 4.513795361796634
22 38 1.403279108062709
22 39 2.806558216125418
23 -51.29484424794003
23 24 -2.7825499259955473
23 25 -5.565099851991095
23 26 4.099833671450714
23 27 8.199667342901428
23 28 -5.606126654904535
23 29 -11.21225330980907
23 30 0.45880273124640575
23 31 0.9176054624928115
23 32 -4.565937257503708
23 33 -9.131874515007416
23 34 -1.1918875818489916
23 35 -2.383775163697983
23 36 4.513795361796634
23 37 9.027590723593269
23 38 2.806558216125418
23 39 5.613116432250836
24 -4.904571956626645
24 25 8.18353144057227
24 26 2.220446049250313e-16
24 27 4.440892098500626e-16
24 28 -2.46142541696644
24 29 -4.92285083393288
24 30 -0.7888242300380592
24 31 -1.5776484600761185
24 32 0.8869727420068234
24 33 1.7739454840136468
24 34 1.500221441939479
24 35 3.000442883878958
24 36 -0.14852117330800896
24 37 -0.2970423466160179
24 38 0.4838728650249494
24 39 0.9677457300498988
25 -5.717378192967157
25 26 4.440892098500626e-16
25 27 8.881784197001252e-16
25 28 -4.92285083393288
25 29 -9.84570166786576
25 30 -1.5776484600761185
25 31 -3.155296920152237
25 32 1.7739454840136468
25 33 3.5478909680272936
25 34 3.000442883878958
25 35 6.000885767757916
25 36 -0.2970423466160179
25 37 -0.5940846932320358
25 38 0.9677457300498988
25 39 1.9354914600997977
26 0.004006796138688706
26 27 8.183531440572269
26 28 0.7888242300380588
26 29 1.5776484600761176
26 30 -2.4614254169664394
26 31 -4.922850833932879
26 32 -1.500221441939479
26 33 -3.000442883878958
26 34 0.8869727420068234
26 35 1.7739454840136468
26 36 -0.48387286502494953
26 37 -0.9677457300498991
26 38 -0.14852117330800907
26 39 -0.29704234661601814
27 4.099779312563512
27 28 1.5776484600761176
27 29 3.155296920152235
27 30 -4.922850833932879
27 31 -9.845701667865757
27 32 -3.000442883878958
27 33 -6.000885767757916
27 34 1.7739454840136468
27 35 3.5478909680272936
27 36 -0.9677457300498991
27 37 -1.9354914600997981
27 38 -0.29704234661601814
27 39 -0.5940846932320363
28 25.607828414646164
28 29 16.46317333731872
28 30 5.551115123125783e-16
28 31 1.1102230246251565e-15
28 32 -0.06465195151900738
28 33 -0.12930390303801476
28 34 1.724104374772372
28 35 3.448208749544744
28 36 1.0756359426771083
28 37 2.1512718853542165
28 38 -0.44953007283532476
28 39 -0.8990601456706495
29 59.44724349795169
29 30 1.1102230246251565e-15
29 31 2.220446049250313e-15
29 32 -0.12930390303801476
29 33 -0.2586078060760295
29 34 3.448208749544744
29 35 6.896417499089488
29 36 2.1512718853542165
29 37 4.302543770708433
29 38 -0.8990601456706495
29 39 -1.798120291341299
30 -9.258278697068157
30 31 16.463173337318718
30 32 -1.724104374772372
30 33 -3.448208749544744
30 34 -0.06465195151900716
30 35 -0.1293039030380143
30 36 0.4495300728353251
30 37 0.8990601456706502
30 38 1.0756359426771083
30 39 2.1512718853542165
31 -10.284970725476953
31 32 -3.448208749544744
31 33 -6.896417499089488
31 34 -0.1293039030380143
31 35 -0.2586078060760286
31 36 0.8990601456706502
31 37 1.7981202913413004
31 38 2.1512718853542165
31 39 4.302543770708433
32 -13.304308668768103
32 33 12.69214587390264
32 34 3.0531133177191805e-16
32 35 6.106226635438361e-16
32 36 1.6216436241720333
32 37 3.2432872483440667
32 38 -2.0843145934271066
32 39 -4.168629186854213
33 -20.262544400584886
33 34 6.106226635438361e-16
33 35 1.2212453270876722e-15
33 36 3.2432872483440667
33 37 6.486574496688133
33 38 -4.168629186854213
33 39 -8.337258373708426
34 -12.213793751482926
34 35 12.69214587390264
34 36 2.084314593427107
34 37 4.168629186854214
34 38 1.6216436241720331
34 39 3.2432872483440662
35 -18.081514566014533
35 36 4.168629186854214
35 37 8.337258373708428
35 38 3.2432872483440662
35 39 6.4865744966881325
36 -19.069097953190543
36 37 10.83655122881311
36 38 3.3306690738754696e-16
36 39 6.661338147750939e-16
37 -32.719920291974525
37 38 6.661338147750939e-16
37 39 1.3322676295501878e-15
38 -16.467229555315033
38 39 10.83655122881311
39 -27.516183496223505
