40
1100111011000101001101001111110110110001
0 12.456313324841545
0 1 16.245730931708394
0 2 6.661338147750939e-16
0 3 1.3322676295501878e-15
0 4 1.1518759545491108
0 5 2.3037519090982217
0 6 -1.4985467810395614
0 7 -2.997093562079123
0 8 2.813780854943384
0 9 5.627561709886768
0 10 -0.21603622896016003
0 11 -0.43207245792032006
0 12 0.8132965732551991
0 13 1.6265931465103982
0 14 0.07279893389442194
0 15 0.14559786778884387
0 16 -4.39073897430151
0 17 -8.78147794860302
0 18 -1.8651926661549363
0 19 -3.7303853323098726
0 20 1.3786157585980285
0 21 2.757231517196057
0 22 1.6023121419055224
0 23 3.204624283811045
0 24 0.2988084201196184
0 25 0.5976168402392368
0 26 1.1162526340992946
0 27 2.2325052681985893
0 28 -3.3447438279034873
0 29 -6.689487655806975
0 30 0.5768004045290984
0 31 1.1536008090581968
0 32 1.9757080583433857
0 33 3.9514161166867714
0 34 0.9526190986188487
0 35 1.9052381972376975
0 36 -0.7726057059546313
0 37 -1.5452114119092626
0 38 -0.7233019570321211
0 39 -1.4466039140642422
1 33.03549211553729
1 2 1.3322676295501878e-15
1 3 2.6645352591003757e-15
1 4 2.3037519090982217
1 5 4.607503818196443
1 6 -2.997093562079123
1 7 -5.994187124158246
1 8 5.627561709886768
1 9 11.255123419773536
1 10 -0.43207245792032006
1 11 -0.8641449158406401
1 12 1.6265931465103982
1 13 3.2531862930207964
1 14 0.14559786778884387
1 15 0.29119573557768774
1 16 -8.78147794860302
1 17 -17.56295589720604
1 18 -3.7303853323098726
1 19 -7.460770664619745
1 20 2.757231517196057
1 21 5.514463034392114
1 22 3.204624283811045
1 23 6.40924856762209
1 24 0.5976168402392368
1 25 1.1952336804784736
1 26 2.2325052681985893
1 27 4.465010536397179
1 28 -6.689487655806975
1 29 -13.37897531161395
1 30 1.1536008090581968
1 31 2.3072016181163937
1 32 3.9514161166867714
1 33 7.902832233373543
1 34 1.9052381972376975
1 35 3.810476394475395
1 36 -1.5452114119092626
1 37 -3.090422823818525
1 38 -1.4466039140642422
1 39 -2.8932078281284843
2 1.8966414229191684
2 3 16.245730931708394
2 4 1.4985467810395614
2 5 2.997093562079123
2 6 1.1518759545491106
2 7 2.3037519090982213
2 8 0.21603622896016028
2 9 0.43207245792032056
2 10 2.813780854943384
2 11 5.627561709886768
2 12 -0.07279893389442185
2 13 -0.1455978677888437
2 14 0.8132965732551991
2 15 1.6265931465103982
2 16 1.8651926661549354
2 17 3.730385332309871
2 18 -4.39073897430151
2 19 -8.78147794860302
2 20 -1.6023121419055224
2 21 -3.204624283811045
2 22 1.3786157585980285
2 23 2.757231517196057
2 24 -1.1162526340992942
2 25 -2.2325052681985884
2 26 0.2988084201196183
2 27 0.5976168402392366
2 28 -0.5768004045290985
2 29 -1.153600809058197
2 30 -3.3447438279034873
2 31 -6.689487655806975
2 32 -0.9526190986188486
2 33 -1.9052381972376973
2 34 1.975708058343386
2 35 3.951416116686772
2 36 0.7233019570321209
2 37 1.4466039140642417
2 38 -0.7726057059546314
2 39 -1.5452114119092628
3 11.916148311692535
3 4 2.997093562079123
3 5 5.994187124158246
3 6 2.3037519090982213
3 7 4.6075038181964425
3 8 0.43207245792032056
3 9 0.8641449158406411
3 10 5.627561709886768
3 11 11.255123419773536
3 12 -0.1455978677888437
3 13 -0.2911957355776874
3 14 1.6265931465103982
3 15 3.2531862930207964
3 16 3.730385332309871
3 17 7.460770664619742
3 18 -8.78147794860302
3 19 -17.56295589720604
3 20 -3.204624283811045
3 21 -6.40924856762209
3 22 2.757231517196057
3 23 5.514463034392114
3 24 -2.2325052681985884
3 25 -4.465010536397177
3 26 0.5976168402392366
3 27 1.1952336804784731
3 28 -1.153600809058197
3 29 -2.307201618116394
3 30 -6.689487655806975
3 31 -13.37897531161395
3 32 -1.9052381972376973
3 33 -3.8104763944753945
3 34 3.951416116686772
3 35 7.902832233373544
3 36 1.4466039140642417
3 37 2.8932078281284834
3 38 -1.5452114119092628
3 39 -3.0904228238185256
4 -41.893006162001626
4 5 17.552125390692268
4 6 4.440892098500626e-16
4 7 8.881784197001252e-16
4 8 0.13633463669023138
4 9 0.27266927338046276
4 10 1.0997419945781424
4 11 2.1994839891562847
4 12 -0.9425371291143922
4 13 -1.8850742582287845
4 14 1.5149548918012758
4 15 3.0299097836025517
4 16 1.9825839098276279
4 17 3.9651678196552558
4 18 1.7685371895759585
4 19 3.537074379151917
4 20 -1.1531121203304957
4 21 -2.3062242406609914
4 22 2.593284449102947
4 23 5.186568898205894
4 24 -1.8246305040075284
4 25 -3.6492610080150567
4 26 0.6660404493526945
4 27 1.332080898705389
4 28 -2.234322826012561
4 29 -4.468645652025122
4 30 0.2265650486668641
4 31 0.4531300973337282
4 32 -0.48647666122484035
4 33 -0.9729533224496807
4 34 3.0542413005642413
4 35 6.1084826011284825
4 36 -0.9830473228783819
4 37 -1.9660946457567638
4 38 2.5347978542740144
4 39 5.069595708548029
5 -75.00994962865713
5 6 8.881784197001252e-16
5 7 1.7763568394002505e-15
5 8 0.27266927338046276
5 9 0.5453385467609255
5 10 2.1994839891562847
5 11 4.3989679783125695
5 12 -1.8850742582287845
5 13 -3.770148516457569
5 14 3.0299097836025517
5 15 6.059819567205103
5 16 3.9651678196552558
5 17 7.9303356393105116
5 18 3.537074379151917
5 19 7.074148758303834
5 20 -2.3062242406609914
5 21 -4.612448481321983
5 22 5.186568898205894
5 23 10.373137796411788
5 24 -3.6492610080150567
5 25 -7.298522016030113
5 26 1.332080898705389
5 27 2.664161797410778
5 28 -4.468645652025122
5 29 -8.937291304050245
5 30 0.4531300973337282
5 31 0.9062601946674564
5 32 -0.9729533224496807
5 33 -1.9459066448993614
5 34 6.1084826011284825
5 35 12.216965202256965
5 36 -1.9660946457567638
5 37 -3.9321892915135277
5 38 5.069595708548029
5 39 10.139191417096058
6 15.1079023785148
6 7 17.552125390692268
6 8 -1.0997419945781421
6 9 -2.1994839891562843
6 10 0.13633463669023094
6 11 0.2726692733804619
6 12 -1.5149548918012763
6 13 -3.0299097836025526
6 14 -0.9425371291143922
6 15 -1.8850742582287845
6 16 -1.768537189575959
6 17 -3.537074379151918
6 18 1.9825839098276279
6 19 3.9651678196552558
6 20 -2.5932844491029465
6 21 -5.186568898205893
6 22 -1.1531121203304955
6 23 -2.306224240660991
6 24 -0.6660404493526947
6 25 -1.3320808987053894
6 26 -1.8246305040075286
6 27 -3.649261008015057
6 28 -0.22656504866686455
6 29 -0.4531300973337291
6 30 -2.2343228260125607
6 31 -4.468645652025121
6 32 -3.0542413005642413
6 33 -6.1084826011284825
6 34 -0.48647666122484057
6 35 -0.9729533224496811
6 36 -2.5347978542740144
6 37 -5.069595708548029
6 38 -0.9830473228783817
6 39 -1.9660946457567634
7 38.99186745237573
7 8 -2.1994839891562843
7 9 -4.398967978312569
7 10 0.2726692733804619
7 11 0.5453385467609237
7 12 -3.0299097836025526
7 13 -6.059819567205105
7 14 -1.8850742582287845
7 15 -3.770148516457569
7 16 -3.537074379151918
7 17 -7.074148758303836
7 18 3.9651678196552558
7 19 7.9303356393105116
7 20 -5.186568898205893
7 21 -10.373137796411786
7 22 -2.306224240660991
7 23 -4.612448481321982
7 24 -1.3320808987053894
7 25 -2.6641617974107787
7 26 -3.649261008015057
7 27 -7.298522016030114
7 28 -0.4531300973337291
7 29 -0.9062601946674582
7 30 -4.468645652025121
7 31 -8.937291304050243
7 32 -6.1084826011284825
7 33 -12.216965202256965
7 34 -0.9729533224496811
7 35 -1.9459066448993623
7 36 -5.069595708548029
7 37 -10.139191417096058
7 38 -1.9660946457567634
7 39 -3.932189291513527
8 13.88613709435173
8 9 15.922842086244138
8 10 6.106226635438361e-16
8 11 1.2212453270876722e-15
8 12 -0.04345104526184895
8 13 -0.0869020905236979
8 14 -2.3209456318323376
8 15 -4.641891263664675
8 16 -0.4129241152541561
8 17 -0.8258482305083122
8 18 3.312377339911955
8 19 6.62475467982391
8 20 0.1430575897913824
8 21 0.2861151795827648
8 22 1.340457834170987
8 23 2.680915668341974
8 24 -1.8553859995854507
8 25 -3.7107719991709014
8 26 1.4968514391905066
8 27 2.993702878381013
8 28 -5.883785725413149
8 29 -11.767571450826297
8 30 1.6175656271676562
8 31 3.2351312543353123
8 32 -1.6243570739096471
8 33 -3.2487141478192942
8 34 -1.9625859608925862
8 35 -3.9251719217851724
8 36 1.6625153911751052
8 37 3.3250307823502103
8 38 -2.8646251975914487
8 39 -5.7292503951828975
9 35.73369523182553
9 10 1.2212453270876722e-15
9 11 2.4424906541753444e-15
9 12 -0.0869020905236979
9 13 -0.1738041810473958
9 14 -4.641891263664675
9 15 -9.28378252732935
9 16 -0.8258482305083122
9 17 -1.6516964610166245
9 18 6.62475467982391
9 19 13.24950935964782
9 20 0.2861151795827648
9 21 0.5722303591655296
9 22 2.680915668341974
9 23 5.361831336683948
9 24 -3.7107719991709014
9 25 -7.421543998341803
9 26 2.993702878381013
9 27 5.987405756762026
9 28 -11.767571450826297
9 29 -23.535142901652595
9 30 3.2351312543353123
9 31 6.470262508670625
9 32 -3.2487141478192942
9 33 -6.4974282956385885
9 34 -3.9251719217851724
9 35 -7.850343843570345
9 36 3.3250307823502103
9 37 6.650061564700421
9 38 -5.7292503951828975
9 39 -11.458500790365795
10 -4.3391644528562345
10 11 15.922842086244138
10 12 2.3209456318323376
10 13 4.641891263664675
10 14 -0.04345104526184893
10 15 -0.08690209052369786
10 16 -3.3123773399119547
10 17 -6.624754679823909
10 18 -0.4129241152541559
10 19 -0.8258482305083118
10 20 -1.340457834170987
10 21 -2.680915668341974
10 22 0.1430575897913824
10 23 0.2861151795827648
10 24 -1.4968514391905066
10 25 -2.993702878381013
10 26 -1.855385999585451
10 27 -3.710771999170902
10 28 -1.6175656271676568
10 29 -3.2351312543353137
10 30 -5.883785725413148
10 31 -11.767571450826296
10 32 1.9625859608925862
10 33 3.9251719217851724
10 34 -1.6243570739096471
10 35 -3.2487141478192942
10 36 2.864625197591449
10 37 5.729250395182898
10 38 1.662515391175105
10 39 3.32503078235021
11 -0.7169078625904
11 12 4.641891263664675
11 13 9.28378252732935
11 14 -0.08690209052369786
11 15 -0.17380418104739573
11 16 -6.624754679823909
11 17 -13.249509359647819
11 18 -0.8258482305083118
11 19 -1.6516964610166236
11 20 -2.680915668341974
11 21 -5.361831336683948
11 22 0.2861151795827648
11 23 0.5722303591655296
11 24 -2.993702878381013
11 25 -5.987405756762026
11 26 -3.710771999170902
11 27 -7.421543998341804
11 28 -3.2351312543353137
11 29 -6.470262508670627
11 30 -11.767571450826296
11 31 -23.53514290165259
11 32 3.9251719217851724
11 33 7.850343843570345
11 34 -3.2487141478192942
11 35 -6.4974282956385885
11 36 5.729250395182898
11 37 11.458500790365797
11 38 3.32503078235021
11 39 6.65006156470042
12 -0.31930499569417137
12 13 16.92150508471504
12 14 2.220446049250313e-16
12 15 4.440892098500626e-16
12 16 -0.33275990482363205
12 17 -0.6655198096472641
12 18 -1.1025166281251697
12 19 -2.2050332562503394
12 20 -0.6027293348529421
12 21 -1.2054586697058842
12 22 -1.3569367336210716
12 23 -2.713873467242143
12 24 0.2918551393507651
12 25 0.5837102787015302
12 26 -2.1001569711382633
12 27 -4.2003139422765265
12 28 -1.9829125957653524
12 29 -3.965825191530705
12 30 0.868051731164242
12 31 1.736103462328484
12 32 1.9188402937723095
12 33 3.837680587544619
12 34 -1.6011127506714398
12 35 -3.2022255013428795
12 36 4.068978460625614
12 37 8.137956921251227
12 38 -0.16893621445611962
12 39 -0.33787242891223923
13 7.822142550969179
13 14 4.440892098500626e-16
13 15 8.881784197001252e-16
13 16 -0.6655198096472641
13 17 -1.3310396192945282
13 18 -2.2050332562503394
13 19 -4.410066512500679
13 20 -1.2054586697058842
13 21 -2.4109173394117684
13 22 -2.713873467242143
13 23 -5.427746934484286
13 24 0.5837102787015302
13 25 1.1674205574030605
13 26 -4.2003139422765265
13 27 -8.400627884553053
13 28 -3.965825191530705
13 29 -7.93165038306141
13 30 1.736103462328484
13 31 3.472206924656968
13 32 3.837680587544619
13 33 7.675361175089238
13 34 -3.2022255013428795
13 35 -6.404451002685759
13 36 8.137956921251227
13 37 16.275913842502455
13 38 -0.33787242891223923
13 39 -0.6757448578244785
14 -34.18195720869987
14 15 16.92150508471504
14 16 1.1025166281251697
14 17 2.2050332562503394
14 18 -0.3327599048236314
14 19 -0.6655198096472628
14 20 1.3569367336210711
14 21 2.7138734672421423
14 22 -0.6027293348529422
14 23 -1.2054586697058844
14 24 2.1001569711382633
14 25 4.2003139422765265
14 26 0.29185513935076535
14 27 0.5837102787015307
14 28 -0.868051731164242
14 29 -1.736103462328484
14 30 -1.9829125957653524
14 31 -3.965825191530705
14 32 1.6011127506714398
14 33 3.2022255013428795
14 34 1.9188402937723095
14 35 3.837680587544619
14 36 0.16893621445612006
14 37 0.3378724289122401
14 38 4.068978460625614
14 39 8.137956921251227
15 -59.90316187504222
15 16 2.2050332562503394
15 17 4.410066512500679
15 18 -0.6655198096472628
15 19 -1.3310396192945255
15 20 2.7138734672421423
15 21 5.427746934484285
15 22 -1.2054586697058844
15 23 -2.410917339411769
15 24 4.2003139422765265
15 25 8.400627884553053
15 26 0.5837102787015307
15 27 1.1674205574030614
15 28 -1.736103462328484
15 29 -3.472206924656968
15 30 -3.965825191530705
15 31 -7.93165038306141
15 32 3.2022255013428795
15 33 6.404451002685759
15 34 3.837680587544619
15 35 7.675361175089238
15 36 0.3378724289122401
15 37 0.6757448578244802
15 38 8.137956921251227
15 39 16.275913842502455
16 -33.28499899152372
16 17 29.85897102508625
16 18 8.881784197001252e-16
16 19 1.7763568394002505e-15
16 20 -0.8105675053779324
16 21 -1.6211350107558649
16 22 1.1849702312923158
16 23 2.3699404625846316
16 24 -1.663347451862787
16 25 -3.326694903725574
16 26 1.4212683426389177
16 27 2.8425366852778353
16 28 1.349395227437428
16 29 2.698790454874856
16 30 4.291591421167101
16 31 8.583182842334201
16 32 -2.370773570127998
16 33 -4.741547140255996
16 34 -0.5445285687065122
16 35 -1.0890571374130245
16 36 -0.16084548154768252
16 37 -0.32169096309536505
16 38 1.60068632722475
16 39 3.2013726544495
17 -51.64051247050432
17 18 1.7763568394002505e-15
17 19 3.552713678800501e-15
17 20 -1.6211350107558649
17 21 -3.2422700215117297
17 22 2.3699404625846316
17 23 4.739880925169263
17 24 -3.326694903725574
17 25 -6.653389807451148
17 26 2.8425366852778353
17 27 5.685073370555671
17 28 2.698790454874856
17 29 5.397580909749712
17 30 8.583182842334201
17 31 17.166365684668403
17 32 -4.741547140255996
17 33 -9.483094280511992
17 34 -1.0890571374130245
17 35 -2.178114274826049
17 36 -0.32169096309536505
17 37 -0.6433819261907301
17 38 3.2013726544495
17 39 6.402745308899
18 -28.11353305093258
18 19 29.85897102508625
18 20 -1.1849702312923158
18 21 -2.3699404625846316
18 22 -0.8105675053779323
18 23 -1.6211350107558646
18 24 -1.4212683426389185
18 25 -2.842536685277837
18 26 -1.6633474518627873
18 27 -3.3266949037255746
18 28 -4.291591421167101
18 29 -8.583182842334201
18 30 1.3493952274374272
18 31 2.6987904548748545
18 32 0.5445285687065118
18 33 1.0890571374130236
18 34 -2.370773570127998
18 35 -4.741547140255996
18 36 -1.60068632722475
18 37 -3.2013726544495
18 38 -0.16084548154768274
18 39 -0.3216909630953655
19 -41.29758058932203
19 20 -2.3699404625846316
19 21 -4.739880925169263
19 22 -1.6211350107558646
19 23 -3.2422700215117293
19 24 -2.842536685277837
19 25 -5.685073370555674
19 26 -3.3266949037255746
19 27 -6.653389807451149
19 28 -8.583182842334201
19 29 -17.166365684668403
19 30 2.6987904548748545
19 31 5.397580909749709
19 32 1.0890571374130236
19 33 2.178114274826047
19 34 -4.741547140255996
19 35 -9.483094280511992
19 36 -3.2013726544495
19 37 -6.402745308899
19 38 -0.3216909630953655
19 39 -0.643381926190731
20 8.546249996479446
20 21 22.712959324232266
20 22 6.245004513516506e-16
20 23 1.2490009027033011e-15
20 24 4.279056933022224
20 25 8.558113866044447
20 26 -1.9074278391682855
20 27 -3.814855678336571
20 28 0.40619143730468255
20 29 0.8123828746093651
20 30 0.185259568554915
20 31 0.37051913710983
20 32 0.36501661558002024
20 33 0.7300332311600405
20 34 1.2541396868626569
20 35 2.5082793737253137
20 36 0.005415303604882071
20 37 0.010830607209764143
20 38 0.500569420541222
20 39 1.001138841082444
21 28.44897965507503
21 22 1.2490009027033011e-15
21 23 2.4980018054066022e-15
21 24 8.558113866044447
21 25 17.116227732088895
21 26 -3.814855678336571
21 27 -7.629711356673142
21 28 0.8123828746093651
21 29 1.6247657492187302
21 30 0.37051913710983
21 31 0.74103827421966
21 32 0.7300332311600405
21 33 1.460066462320081
21 34 2.5082793737253137
21 35 5.0165587474506275
21 36 0.010830607209764143
21 37 0.021661214419528285
21 38 1.001138841082444
21 39 2.002277682164888
22 -28.016477430883878
22 23 22.712959324232266
22 24 1.907427839168286
22 25 3.814855678336572
22 26 4.279056933022224
22 27 8.558113866044447
22 28 -0.185259568554915
22 29 -0.37051913710983
22 30 0.40619143730468255
22 31 0.8123828746093651
22 32 -1.254139686862657
22 33 -2.508279373725314
22 34 0.3650166155800206
22 35 0.7300332311600412
22 36 -0.5005694205412223
22 37 -1.0011388410824447
22 38 0.005415303604882182
22 39 0.010830607209764365
23 -44.67647519965162
23 24 3.814855678336572
23 25 7.629711356673144
23 26 8.558113866044447
23 27 17.116227732088895
23 28 -0.37051913710983
23 29 -0.74103827421966
23 30 0.8123828746093651
23 31 1.6247657492187302
23 32 -2.508279373725314
23 33 -5.016558747450628
23 34 0.7300332311600412
23 35 1.4600664623200823
23 36 -1.0011388410824447
23 37 -2.0022776821648893
23 38 0.010830607209764365
23 39 0.02166121441952873
24 -1.0280547691431656
24 25 12.901081852667538
24 26 2.220446049250313e-16
24 27 4.440892098500626e-16
24 28 1.7398731567833128
24 29 3.4797463135666256
24 30 0.39466760590283423
24 31 0.7893352118056685
24 32 -1.1512875437831742
24 33 -2.3025750875663484
24 34 3.2404266016945176
24 35 6.480853203389035
24 36 0.5204061281380974
24 37 1.0408122562761948
24 38 -0.31060087947420506
24 39 -0.6212017589484101
25 4.394431388047437
25 26 4.440892098500626e-16
25 27 8.881784197001252e-16
25 28 3.4797463135666256
25 29 6.959492627133251
25 30 0.7893352118056685
25 31 1.578670423611337
25 32 -2.3025750875663484
25 33 -4.605150175132697
25 34 6.480853203389035
25 35 12.96170640677807
25 36 1.0408122562761948
25 37 2.0816245125523896
25 38 -0.6212017589484101
25 39 -1.2424035178968202
26 -3.597221091383353
26 27 12.901081852667538
26 28 -0.3946676059028339
26 29 -0.7893352118056678
26 30 1.7398731567833126
26 31 3.479746313566625
26 32 -3.2404266016945176
26 33 -6.480853203389035
26 34 -1.1512875437831742
26 35 -2.3025750875663484
26 36 0.3106008794742052
26 37 0.6212017589484105
26 38 0.5204061281380974
26 39 1.0408122562761948
27 -0.7439012564329381
27 28 -0.7893352118056678
27 29 -1.5786704236113356
27 30 3.479746313566625
27 31 6.95949262713325
27 32 -6.480853203389035
27 33 -12.96170640677807
27 34 -2.3025750875663484
27 35 -4.605150175132697
27 36 0.6212017589484105
27 37 1.242403517896821
27 38 1.0408122562761948
27 39 2.0816245125523896
28 14.10607031356945
28 29 21.97189529222724
28 30 4.440892098500626e-16
28 31 8.881784197001252e-16
28 32 0.2371457048663146
28 33 0.4742914097326292
28 34 1.3544327365115456
28 35 2.708865473023091
28 36 0.7484673445717489
28 37 1.4969346891434978
28 38 -0.11438050639296082
28 39 -0.22876101278592165
29 39.198088273252516
29 30 8.881784197001252e-16
29 31 1.7763568394002505e-15
29 32 0.4742914097326292
29 33 0.9485828194652584
29 34 2.708865473023091
29 35 5.417730946046182
29 36 1.4969346891434978
29 37 2.9938693782869956
29 38 -0.22876101278592165
29 39 -0.4575220255718433
30 -7.571893639078993
30 31 21.97189529222724
30 32 -1.3544327365115458
30 33 -2.7088654730230917
30 34 0.23714570486631456
30 35 0.4742914097326291
30 36 0.11438050639296071
30 37 0.22876101278592142
30 38 0.748467344571749
30 39 1.496934689143498
31 -4.157839632044368
31 32 -2.7088654730230917
31 33 -5.417730946046183
31 34 0.4742914097326291
31 35 0.9485828194652582
31 36 0.22876101278592142
31 37 0.45752202557184285
31 38 1.496934689143498
31 39 2.993869378286996
32 -7.304569110292729
32 33 16.817822298912418
32 34 0.0
32 35 0.0
32 36 -0.9275435578511335
32 37 -1.855087115702267
32 38 2.0780442231115237
32 39 4.156088446223047
33 -6.200227071129248
33 34 0.0
33 35 0.0
33 36 -1.855087115702267
33 37 -3.710174231404534
33 38 4.156088446223047
33 39 8.312176892446095
34 -1.8147758971539485
34 35 16.817822298912418
34 36 -2.0780442231115237
34 37 -4.156088446223047
34 38 -0.9275435578511337
34 39 -1.8550871157022675
35 4.779359355148312
35 36 -4.156088446223047
35 37 -8.312176892446095
35 38 -1.8550871157022675
35 39 -3.710174231404535
36 -0.09699443616847692
36 37 13.387319043961297
36 38 3.3306690738754696e-16
36 39 6.661338147750939e-16
37 6.499670649643695
37 38 6.661338147750939e-16
37 39 1.3322676295501878e-15
38 -39.666649853394865
38 39 13.387319043961297
39 -72.63964018480908
